Place	LiqEtlp	LiqRho	LiqMass	VapEtlp	VapRho	VapMass
Condenser	-10900.213620906	25.5819145988508	28.0130885486821	-6094.24554394848	0.808580693724132	28.0130479014327
42__Main Tower	-10900.2102288451	25.5817201240386	28.0131640484382	-6094.26809930195	0.808517037387195	28.0130885486813
41__Main Tower	-10899.3395244685	25.5790406732979	28.0132529131451	-6094.14711579937	0.809415352630324	28.0131364168626
40__Main Tower	-10898.3347101997	25.5759322957755	28.0133574932836	-6094.02501574467	0.810313622905497	28.0131927643926
39__Main Tower	-10897.4622122827	25.5732735458142	28.0134805538303	-6093.90154433981	0.811211827153298	28.0132590833265
38__Main Tower	-10896.0233862594	25.57029961609	28.0136253496465	-6093.77640183613	0.81210994033616	28.0133371288281
37__Main Tower	-10895.5805078272	25.5675615946091	28.013795714744	-6093.64923526895	0.813007932599838	28.0134289671512
36__Main Tower	-10894.1554864021	25.5646793574508	28.013996169433	-6093.51962867171	0.813905768226265	28.0135370322415
35__Main Tower	-10893.6931895226	25.5619317936552	28.014232048992	-6093.39220852297	0.814805361930642	28.0136641933984
34__Main Tower	-10892.2704479821	25.5591246653125	28.0145096598656	-6093.25616171161	0.815702749199278	28.013813836774
33__Main Tower	-10891.7988176445	25.5564276304723	28.0148364715042	-6093.26802836384	0.816726398735194	28.0139899645426
32__Main Tower	-10890.3666625724	25.5538405493318	28.0152213551589	-6093.12027281695	0.817623046538585	28.0141973170114
31__Main Tower	-10889.4967140219	25.5513433233525	28.0156748852393	-6092.96553768525	0.818519123260069	28.0144415248329
30__Main Tower	-10888.6085071896	25.5490249256535	28.0162097248518	-6092.80431143145	0.819414643391556	28.0147293010663
29__Main Tower	-10887.5177248397	25.5457943496607	28.0168411258278	-6092.6350634464	0.820309443391014	28.0150686865423
28__Main Tower	-10886.5551467199	25.5433115161457	28.0175875865068	-6092.45458240003	0.821203195919779	28.0154693674886
27__Main Tower	-10885.7319371489	25.5413934864784	28.0184717301978	-6092.2627764184	0.822095808845974	28.0159430927511
26__Main Tower	-10884.5753471723	25.5386816648051	28.0195214968624	-6092.05692404869	0.822986924573722	28.0165042305803
25__Main Tower	-10883.5875512143	25.5365021484315	28.0207717850297	-6091.83363514213	0.823876059584823	28.0171705239409
24__Main Tower	-10882.5936838451	25.5344933649865	28.022266747069	-6091.59948334382	0.824763584636168	28.0179641315328
23__Main Tower	-10881.5959987435	25.5327087753372	28.0240630386727	-6091.32407634354	0.825646222491861	28.0189130834078
22__Main Tower	-10880.5988812252	25.531223518345	28.0262344674937	-6091.01648291232	0.826524165168617	28.0200533416133
21__Main Tower	-10879.6101074971	25.5301444916689	28.0288786980015	-6090.66669098857	0.827395478203642	28.0214317472005
20__Main Tower	-10878.642773293	25.5296253557563	28.0321269803424	-6090.26449550675	0.828257719288529	28.0231102689697
19__Main Tower	-10877.7182303053	25.5298888616631	28.0361583164377	-6089.79344749949	0.829107045892287	28.025172162975
18__Main Tower	-10876.8705286255	25.5312600293226	28.0412201178186	-6089.23418934505	0.829938259944963	28.0277309357206
17__Main Tower	-10876.1530893851	25.5342152791952	28.0476582802876	-6088.54849544783	0.83074214236328	28.0309433979832
16__Main Tower	-10875.6486375421	25.5394547562161	28.0559607464235	-6087.69958397703	0.831507482118301	28.0350286379902
15__Main Tower	-10875.4838102361	25.5480077694589	28.0668199838499	-6086.62748793679	0.832216664451808	28.0402954389835
14__Main Tower	-10875.8502705479	25.5613841693246	28.0812210866962	-6085.2422197091	0.832843144972636	28.0471814677338
13__Main Tower	-10877.0344236067	25.5817864448441	28.1005625601638	-6083.42331004516	0.833349123828851	28.0563082528876
12__Main Tower	-10879.4574854704	25.6123952697653	28.1268142249494	-6080.99685499846	0.833679890081354	28.0685559610217
11__Main Tower	-10883.7256549026	25.657728306988	28.162706716582	-6077.72195612391	0.833758259736025	28.0851598727421
10__Main Tower	-10890.6844201543	25.724034465921	28.2119215891378	-6073.25420485794	0.833471597548559	28.1078233759761
9__Main Tower	-10901.4582832384	25.8196005496027	28.2791975619547	-6067.16990767471	0.832681625200973	28.1388250134832
8__Main Tower	-10917.4225024921	25.95458116305	28.3701755422585	-6058.90846369705	0.831205727966496	28.1810621658441
7__Main Tower	-10940.107004455	26.1404943096661	28.4906858597121	-6047.88330853011	0.828851558915029	28.2379160451729
6__Main Tower	-10970.72324577	26.3869330816982	28.6451302779596	-6033.52310653917	0.825438972752271	28.3127553169973
5__Main Tower	-11009.6475391666	26.6977128187876	28.833883661565	-6015.58274683813	0.8208967491422	28.4078935158034
4__Main Tower	-11041.1775732277	26.9500431369345	28.9834577031555	-6000.96355690742	0.817333424464328	28.4866250561406
3__Main Tower	-11060.5869524664	27.1205797348441	29.0912901321062	-5990.10142525189	0.815178354120222	28.5464709770488
2__Main Tower	-11090.4278686419	27.3776617075269	29.2485599298145	-5973.962883141	0.811478478656318	28.6367994203788
1__Main Tower	-11133.3227266495	27.7436150057529	29.4649076367767	-5951.05497929626	0.805808311688528	28.7681284001083
