Place	P	T	L	V	x_N2	x_O2	x_Ar	y_N2	y_O2	y_Ar
Condenser	528.6	-178.401038796093	2032.16327149568	6.32137741228948E-06	0.999896847793275	2.4065505186615E-07	0.000102911551673369	0.999944859221249	9.89183145818973E-08	5.50418604363529E-05
42__Main Tower	528.6	-178.400392478398	2031.98176208574	3441.98668009602	0.99980700527108	5.85461386630306E-07	0.000192409267532832	0.999896847793363	2.40655051605843E-07	0.000102911551585454
41__Main Tower	529.219512195122	-178.384536739051	2032.22429223933	3485.06896469863	0.999709022848979	1.07415705317663E-06	0.000289902993967362	0.999844464793655	4.41695602248988E-07	0.000155093510742314
40__Main Tower	529.839024390244	-178.36862935957	2032.4845883097	3485.31149485223	0.999602161150081	1.76649895280552E-06	0.000396072350965729	0.99978733034706	7.26655518764977E-07	0.000211942997420926
39__Main Tower	530.458536585366	-178.352664194551	2032.74800663092	3485.5717909226	0.999485599772372	2.74696959647462E-06	0.000511653258031155	0.999725011980877	1.130395501337E-06	0.000273857623621626
38__Main Tower	531.078048780488	-178.336634345222	2033.0056045236	3485.83520924382	0.999358424007352	4.1349578740583E-06	0.00063744103477422	0.999657030491471	1.70220030223411E-06	0.00034126730822663
37__Main Tower	531.69756097561	-178.320532000884	2033.25355785363	3486.09280713649	0.999219606830355	6.09911263255919E-06	0.000774294057012911	0.999582851971981	2.51171893350293E-06	0.000414636309085479
36__Main Tower	532.317073170732	-178.304348221849	2033.49067062957	3486.34076046653	0.999067984382803	8.87757173661451E-06	0.000923138045460422	0.999501877051261	3.65734049284338E-06	0.000494465608246207
35__Main Tower	532.936585365854	-178.28807264387	2033.71673231804	3486.57787324247	0.998902222828668	1.28064567053367E-05	0.00108497071462691	0.999413426492105	5.27799829760872E-06	0.000581295509597597
34__Main Tower	533.556097560976	-178.271693074577	2033.9317676164	3486.80393493094	0.998720773415968	1.83599886719163E-05	0.00126086659536038	0.999316721846894	7.56979702647841E-06	0.0006757083560793
33__Main Tower	534.175609756098	-178.255194939363	2034.13584954937	3487.0189702293	0.998521811138777	2.6206934209792E-05	0.00145198192701278	0.999210859257738	1.08094212592176E-05	0.000778331321002979
32__Main Tower	534.79512195122	-178.238560516504	2034.32912091287	3487.22305216227	0.998303150468418	3.72899825967954E-05	0.00165955954898545	0.999094773675499	1.53870734264768E-05	0.000889839251074461
31__Main Tower	535.414634146342	-178.22176787717	2034.51161082783	3487.41632352577	0.998062129016015	5.29373013412871E-05	0.00188493368264352	0.998967189680563	2.18527939369025E-05	0.00101095752550041
30__Main Tower	536.034146341464	-178.20478941323	2034.68252437535	3487.59881344073	0.997795446478999	7.50192042680015E-05	0.00212953431673324	0.998826553629782	3.09815585965706E-05	0.00114246481162178
29__Main Tower	536.653658536585	-178.18758979087	2034.8391475338	3487.76972698825	0.997498941442952	0.000106167989789673	0.00239489056725835	0.998670939873533	4.38646953977551E-05	0.00128519543106896
28__Main Tower	537.273170731707	-178.170123104963	2034.97606956348	3487.9263501467	0.997167281875891	0.000150086102363102	0.00268263202174551	0.998497920974409	6.20381432667289E-05	0.00144004088232445
27__Main Tower	537.892682926829	-178.152328919285	2035.085366066	3488.06327217638	0.996793535497729	0.000211977571816109	0.00299448693045551	0.998304387769349	8.76622055274199E-05	0.0016079500251234
26__Main Tower	538.512195121951	-178.134126752114	2035.15757923862	3488.17256867889	0.996368572701864	0.00029915118232648	0.00333227611580928	0.998086299342949	0.000123773161623104	0.00178992749542829
25__Main Tower	539.131707317073	-178.115408396672	2035.18259389396	3488.24478185151	0.995880236557204	0.000421862294555724	0.00369790114824025	0.997838335205232	0.000174634960251211	0.00198702983451674
24__Main Tower	539.751219512195	-178.096027239657	2035.14943354143	3488.26979650685	0.995312190541358	0.000594485267309971	0.00409332419133157	0.997553411720191	0.000246229948307122	0.00220035833150189
23__Main Tower	540.370731707317	-178.07578344153	2035.0443332953	3488.23663615432	0.994642323416059	0.000837141813770478	0.00452053477017093	0.997222011312227	0.000346942072463307	0.00243104661530936
22__Main Tower	540.990243902439	-178.054403450977	2034.84709304333	3488.1315359082	0.993840550364551	0.00117795417253219	0.00498149546291616	0.996831255241036	0.00048850520099716	0.0026802395579666
21__Main Tower	541.609756097561	-178.031511826271	2034.52683870741	3487.93429565622	0.992865798916428	0.0016561468433375	0.005478054240234	0.996363627791831	0.000687314069957144	0.00294905813821227
20__Main Tower	542.229268292683	-178.006592718802	2034.03889163113	3487.6140413203	0.991661907160944	0.00232628630691031	0.00601180653214514	0.995795230620497	0.000966226438608498	0.00323854294089444
19__Main Tower	542.848780487805	-177.978937662467	2033.32291046167	3487.12609424403	0.990152094721639	0.00326402007087986	0.00658388520748074	0.995093411076784	0.00135702191036645	0.00354956701284984
18__Main Tower	543.468292682927	-177.947575623328	2032.29979922424	3486.41011307456	0.988231610400793	0.00457374034766498	0.00719464925154208	0.994213572150305	0.00190372224375199	0.00388270560594314
17__Main Tower	544.087804878049	-177.911180889332	2030.86443742173	3485.38700183713	0.985758152501313	0.00639861856395939	0.0078432289347278	0.993094946139932	0.00266700979780406	0.00423804406226428
16__Main Tower	544.707317073171	-177.867954901986	2028.87439172116	3483.95164003463	0.982539771021452	0.00893336101919215	0.00852686795935597	0.991655122182125	0.00372998190721662	0.00461489591065828
15__Main Tower	545.326829268293	-177.815480614821	2026.13848518556	3481.96159433406	0.978320323183175	0.0124396868489633	0.00923998996786178	0.989783201326155	0.00520540408202885	0.00501139459181585
14__Main Tower	545.946341463415	-177.750554259753	2022.40994126501	3479.22568779846	0.972763381038599	0.0172636975946847	0.0099729213667169	0.987331687952657	0.00724439292613558	0.00542391912120694
13__Main Tower	546.565853658537	-177.669012476683	2017.38701959034	3475.49714387791	0.965437111743213	0.0238526462601912	0.0107102419965961	0.984107741765092	0.0100459364188402	0.00584632181606751
12__Main Tower	547.185365853659	-177.565596654536	2010.7230549994	3470.47422220324	0.955805472674344	0.0327656901944555	0.0114288371312003	0.979865399710234	0.0138656464678812	0.00626895382188534
11__Main Tower	547.804878048781	-177.43393480208	2002.04997826811	3463.8102576123	0.943235336094751	0.0446687302896582	0.0120959336155912	0.974302043839127	0.0190204062809	0.00667754987997319
10__Main Tower	548.424390243903	-177.266773258663	1991.02292889177	3455.13718088101	0.927034337849428	0.060297891918802	0.0126677702317695	0.967064814700037	0.0258830186810836	0.00705216661887937
9__Main Tower	549.043902439025	-177.056640155046	1977.3928330101	3444.11013150467	0.906537753728462	0.080372174984181	0.0130900712873575	0.957775393363733	0.0348580128053275	0.00736659383093904
8__Main Tower	549.663414634147	-176.797124061586	1961.10293772917	3430.480035623	0.881258513338412	0.105439521743726	0.0133019649178616	0.946082920417876	0.0463281263349682	0.00758895324715549
7__Main Tower	550.282926829268	-176.48482241643	1942.38397641602	3414.19014034207	0.851093681229842	0.13566144698035	0.013244871789808	0.931751262262672	0.0605643203914936	0.00768441734583397
6__Main Tower	550.90243902439	-176.121673373346	1163.73865233142	3395.47117902892	0.816538661989116	0.170584952331312	0.0128763856795716	0.914773790893958	0.07760542105387	0.00762078805217228
5__Main Tower	551.521951219512	-175.71687728803	1150.61372478807	3374.87750564216	0.77881207015543	0.209002003020166	0.0121859268244036	0.895485359414791	0.0971380017134641	0.00737663887174473
4__Main Tower	552.141463414634	-175.450563523185	2525.00158701394	3361.75257809881	0.755031973584068	0.233380009650635	0.011588016765297	0.882881051487472	0.11000010232284	0.00711884618968855
3__Main Tower	552.760975609756	-175.133267992584	2504.25758524215	3241.42382615497	0.726652143189076	0.260894229028196	0.0124536277827289	0.867128197877236	0.125085252720353	0.00778654940241164
2__Main Tower	553.380487804878	-174.713849407258	2478.06716438583	3220.67982438318	0.689679235888005	0.297146860092426	0.0131739040195689	0.845783300213475	0.145781574485712	0.00843512530081283
1__Main Tower	554	-174.183647926633	2515.41576166204	3194.48940352685	0.644177461547208	0.342249838204172	0.0135727002486203	0.81807895024212	0.172960129436826	0.00896092032105383
