Place	P	T	L	V	x_N2	x_O2	x_Ar	y_N2	y_O2	y_Ar
Condenser	528.6	-178.37852134997	1758.24139678121	2.01621627732027E-05	0.996855087028684	0.000335645914953565	0.0028092670563621	0.998358106707847	0.00013812939418833	0.00150376389796447
42__Main Tower	528.6	-178.356619920657	1757.00688436866	3431.41995546391	0.993941559347048	0.000814646655853724	0.00524379399709784	0.996855087037516	0.000335645913793007	0.00280926704869129
41__Main Tower	529.219512195122	-178.319632664689	1756.11954475987	3481.5316960263	0.991071581844379	0.00139927739517991	0.00752914076044132	0.995384731848659	0.000577380780184836	0.00403788737115636
40__Main Tower	529.839024390244	-178.282514717933	1755.22568929631	3480.64435641751	0.988221160069859	0.00211083345945861	0.00966800647068247	0.99393708523919	0.00087228908660122	0.00519062567420929
39__Main Tower	530.458536585366	-178.245014503925	1754.31147768091	3479.75050095396	0.985362299505039	0.0029745517133934	0.0116631487815679	0.992500036181583	0.00123107068076305	0.00626889313765393
38__Main Tower	531.078048780488	-178.206837866543	1753.36086925264	3478.83628933856	0.98246256237004	0.00402020668784944	0.0135172309421107	0.991059491215708	0.00166639629859981	0.00727411248569255
37__Main Tower	531.69756097561	-178.167642978662	1752.35536184386	3477.88568091028	0.979484590385994	0.00528273945792263	0.0152326701560837	0.989599158619658	0.00219320112759242	0.00820764025274973
36__Main Tower	532.317073170732	-178.127035045344	1751.27365555225	3476.8801735015	0.976385618217152	0.00680289206491568	0.0168114897179319	0.988100317988629	0.00282899209282675	0.00907068991854394
35__Main Tower	532.936585365854	-178.084561142628	1750.0912805109	3475.79846720989	0.97311701808696	0.00862780362514837	0.0182551782878917	0.98654158876916	0.0035941541136323	0.0098642571172077
34__Main Tower	533.556097560976	-178.039705722237	1748.78021308473	3474.61609216854	0.969623936782215	0.0108115019140553	0.0195645613037302	0.984898719378757	0.00451223190783489	0.0105890487134081
33__Main Tower	534.175609756098	-177.991887559859	1747.30851030859	3473.30502474238	0.965845112730625	0.0134151954114922	0.0207396918578828	0.983144429208374	0.0056101523437896	0.0112454184478361
32__Main Tower	534.79512195122	-177.940459233515	1745.64000345514	3471.83332196623	0.961712993016015	0.0165072355667801	0.0217797714172048	0.981248349337139	0.0069183375429374	0.0118333131199232
31__Main Tower	535.414634146342	-177.884710581415	1743.73412222159	3470.16481511278	0.9571543066393	0.0201625789091896	0.0226831144515106	0.979177124063993	0.00847064102778084	0.0123522349082263
30__Main Tower	536.034146341464	-177.823877976649	1741.54595944954	3468.25893387924	0.952091287027045	0.0244615377943437	0.0234471751786108	0.976894753405149	0.0103040191696975	0.0128012274251539
29__Main Tower	536.653658536585	-177.757161605032	1739.0267479986	3466.07077110719	0.946443765916105	0.029487575386772	0.0240686586971228	0.97436327421241	0.0124578304551166	0.0131788953324738
28__Main Tower	537.273170731707	-177.683753128609	1736.12499048787	3463.55155965625	0.940132368951715	0.0353238892133496	0.0245437418349351	0.971543890046052	0.0149726404074653	0.0134834695464831
27__Main Tower	537.892682926829	-177.602875978638	1732.78855403106	3460.64980214551	0.933083010821879	0.0420485597079472	0.0248684294701734	0.968398660062277	0.0178884082666695	0.0137129316710536
26__Main Tower	538.512195121951	-177.51383980193	1728.9680617034	3457.3133656887	0.925232788743207	0.049728143742579	0.0250390675142144	0.96489283426217	0.0212419543476992	0.0138652113901308
25__Main Tower	539.131707317073	-177.41610899933	1724.62183639326	3453.49287336105	0.916537180823469	0.0584097981689274	0.0250530210076032	0.960997863414347	0.0250636689221547	0.0139384676634984
24__Main Tower	539.751219512195	-177.309382621025	1719.48149203789	3449.14664805091	0.90697815335159	0.0681123449722899	0.02490950167612	0.956695004260844	0.029373538855744	0.0139314568834116
23__Main Tower	540.370731707317	-177.194349309734	1713.06201964238	3444.00630369554	0.896597067710973	0.0787967663752341	0.0246061659137927	0.951982427004138	0.0341743701621821	0.0138432028336796
22__Main Tower	540.990243902439	-177.070673793015	1706.32764700136	3437.58683130003	0.885461598526184	0.0903896181138455	0.02414878335997	0.946893234876128	0.0394353900294084	0.0136713750944634
21__Main Tower	541.609756097561	-176.939620848496	1699.32711719214	3430.852458659	0.873675031688903	0.102774817414941	0.0235501508961558	0.941453757071383	0.0451238098866797	0.0134224330419373
20__Main Tower	542.229268292683	-176.802508051416	1692.0656995643	3423.85192884979	0.861383936795224	0.115788514818771	0.0228275483860053	0.935718328589577	0.0511782832737083	0.0131033881367146
19__Main Tower	542.848780487805	-176.661097084125	1684.63683252303	3416.59051122194	0.848775743033146	0.129222117621442	0.022002139345412	0.929763029667142	0.0575136538567168	0.012723316476141
18__Main Tower	543.468292682927	-176.51749385642	1677.18229585194	3409.16164418068	0.836066584813081	0.142834821994791	0.0210985931921275	0.923681696313758	0.064024881013933	0.0122934226723095
17__Main Tower	544.087804878049	-176.374003253945	1669.86346563442	3401.70710750959	0.823485316866326	0.156370768097034	0.0201439150366397	0.917579705363262	0.0705936333715874	0.0118266612651508
16__Main Tower	544.707317073171	-176.232955101885	1662.8385943296	3394.38827729206	0.811255699759973	0.169578533089472	0.0191657671505543	0.91156612726367	0.0770968554756586	0.0113370172606716
15__Main Tower	545.326829268293	-176.096526858678	1656.24537799321	3387.36340598725	0.799579438875793	0.182229946074489	0.018190615049718	0.905745339648735	0.0834160748137531	0.0108385855375116
14__Main Tower	545.946341463415	-175.966590371951	1650.189411423	3380.77018965085	0.788622652895986	0.194135313376335	0.0172420337276793	0.900209393271302	0.0894459897178877	0.0103446170108102
13__Main Tower	546.565853658537	-175.844604252133	1644.73878331675	3374.71422308064	0.778507521066798	0.205153037313089	0.0163394416201133	0.895032255471653	0.0951010506389391	0.00986669388940791
12__Main Tower	547.185365853659	-175.731562462493	1639.92414382054	3369.2635949744	0.769309650780049	0.215192941806708	0.0154974074132433	0.890266599714946	0.100319246969118	0.00941415331593682
11__Main Tower	547.804878048781	-175.627997632894	1635.7681074569	3364.44895547818	0.761060550949557	0.224213910409099	0.0147255386413437	0.885943237977754	0.105062949454847	0.00899381256739963
10__Main Tower	548.424390243903	-175.534059127793	1632.28080410807	3360.29291911454	0.753747855890925	0.232223088980945	0.01402905512813	0.882071884705445	0.109318086976901	0.0086100283176537
9__Main Tower	549.043902439025	-175.449334239059	1629.27590918268	3356.80561576571	0.747338324037292	0.239252778107497	0.0134088978552113	0.878641728223649	0.113093268890968	0.00826500288538306
8__Main Tower	549.663414634147	-175.373525700409	1626.73286340018	3353.80072084033	0.741779297317318	0.245357729750213	0.0128629729324695	0.87563987936229	0.11640155446743	0.00795856617027993
7__Main Tower	550.282926829268	-175.306012943158	1624.6174950237	3351.25767505782	0.73700239499619	0.250610431182087	0.0123871738217234	0.873038833555034	0.119271733401181	0.00768943304378517
6__Main Tower	550.90243902439	-175.246054601932	722.039729888922	3349.14230668134	0.732930969162634	0.255092963409256	0.0119760674281105	0.870804537091749	0.121740100390685	0.00745536251756539
5__Main Tower	551.521951219512	-175.192862125775	721.367998033138	3347.40499872223	0.729486502166348	0.258890020337577	0.0116234774960744	0.868900082508451	0.123846426123802	0.00725349136774655
4__Main Tower	552.141463414634	-175.163767190564	2092.84360531554	3346.73326686644	0.728235898874287	0.260275312886835	0.0114887882388777	0.868184939326812	0.124638515801516	0.00717654487167224
3__Main Tower	552.760975609756	-174.780732637388	2072.73419769791	3223.49225997913	0.694430024280246	0.293056513002584	0.0125134627171696	0.84870572019255	0.143307086772799	0.007987193034651
2__Main Tower	553.380487804878	-174.372600319194	2052.48494430328	3203.3828523615	0.65935612798327	0.327437646960584	0.0132062250561457	0.827588039687464	0.163783737803099	0.00862822250943774
1__Main Tower	554	-173.958742102916	2101.18934613948	3183.13359896687	0.624853127091648	0.36162200315204	0.0135248697563123	0.805819461166417	0.185130338730211	0.00905020010337205
