Place	P	T	L	V	x_N2	x_O2	x_Ar	y_N2	y_O2	y_Ar
Condenser	528.6	-178.392400195673	1849.80949073765	3.15388645829296E-05	0.998699110504419	1.52232684399792E-05	0.00128566622714148	0.999305902997286	6.26025059863998E-06	0.000687836752115942
42__Main Tower	528.6	-178.38416957279	1849.27012691112	3434.86505414968	0.997560579219761	3.70025509591762E-05	0.00240241822927965	0.99869911050999	1.52232683576809E-05	0.00128566622165222
41__Main Tower	529.219512195122	-178.360796583662	1849.09067925628	3482.96766020788	0.996426294034923	6.5059719270312E-05	0.00350864624580656	0.998094611100673	2.67869061739047E-05	0.00187860199315349
40__Main Tower	529.839024390244	-178.337438542825	1848.9103949673	3482.78821255304	0.99529560054903	0.000101160349106742	0.00460323910186351	0.997492421072415	4.16825622031633E-05	0.00246589636538222
39__Main Tower	530.458536585366	-178.314082757869	1848.72819610657	3482.60792826406	0.994167337399904	0.000147557853466413	0.00568510474662928	0.996892193089049	6.08471126234485E-05	0.00304695979832758
38__Main Tower	531.078048780488	-178.290710731283	1848.54260487364	3482.42572940333	0.993039708641786	0.000207125640970993	0.00675316571724319	0.996293311401073	8.54762177867733E-05	0.00362121238113975
37__Main Tower	531.69756097561	-178.267296663301	1848.35164559987	3482.2401381704	0.991910123866245	0.000283524179364553	0.00780635195438998	0.995694824462484	0.000117094390831788	0.00418808114668414
36__Main Tower	532.317073170732	-178.243805571518	1848.15271781552	3482.04917889663	0.99077499789908	0.000381411820270836	0.00884359028064934	0.99509536053981	0.000157643551571602	0.00474699590861847
35__Main Tower	532.936585365854	-178.220190931136	1847.94243455507	3481.85025111228	0.98962950002259	0.000506710310951826	0.0098637896664581	0.994493022024954	0.000209594742858285	0.00529738323218782
34__Main Tower	533.556097560976	-178.196391717909	1847.71641888706	3481.63996785183	0.988467240446494	0.000666938372072445	0.0108658211814335	0.993885253181546	0.000276088771476271	0.00583865804697729
33__Main Tower	534.175609756098	-178.172328710377	1847.46904965347	3481.41395218382	0.987279879179208	0.000871629565066006	0.0118484912557258	0.993268674899173	0.000361112816098149	0.00637021228472878
32__Main Tower	534.79512195122	-178.147899879121	1847.1931451446	3481.16658295023	0.986056639582009	0.00113285386583682	0.0128105065521541	0.992638878705091	0.000469721520378665	0.00689139977453021
31__Main Tower	535.414634146342	-178.122974659309	1846.8795714427	3480.89067844136	0.984783705856204	0.00146586576853569	0.01375042837526	0.991990170821023	0.000608312729943274	0.0074015164490335
30__Main Tower	536.034146341464	-178.097386871156	1846.51676041628	3480.57710473946	0.983443480799883	0.00188990507126472	0.0146666141288522	0.991315255534293	0.000784969755296562	0.00789977471041087
29__Main Tower	536.653658536585	-178.070926025089	1846.09012147593	3480.21429371304	0.982013677901484	0.00242917919127129	0.015557142907245	0.990604845742732	0.00100988367637233	0.00838527058089609
28__Main Tower	537.273170731707	-178.043326732187	1845.58133131508	3479.78765477269	0.980466221122801	0.00311405695151533	0.0164197219256841	0.989847187531712	0.00129587042988915	0.00885694203839852
27__Main Tower	537.892682926829	-178.014255948527	1844.96748851443	3479.27886461184	0.978765928068635	0.0039825016640153	0.0172515702673499	0.989027485564694	0.00165899768739147	0.00931351674791513
26__Main Tower	538.512195121951	-177.98329783498	1844.22012678606	3478.66502181119	0.976868960023589	0.00508176344742483	0.0180492765289867	0.988127217756294	0.0021193349352841	0.00975344730842164
25__Main Tower	539.131707317073	-177.949936143745	1843.30409364807	3477.91766008282	0.974721039176542	0.00647033314499213	0.0188086276784655	0.987123332466261	0.00270183528292479	0.0101748322508141
24__Main Tower	539.751219512195	-177.913534296492	1842.17632586606	3477.00162694483	0.972255464515843	0.00822012723721476	0.0195244082469422	0.985987331287942	0.003437347194958	0.0105753215170996
23__Main Tower	540.370731707317	-177.873313763089	1840.78459191611	3475.87385916282	0.969391010596205	0.0104188168683275	0.0201901725354679	0.98468425825024	0.0043637354583027	0.0109520062914572
22__Main Tower	540.990243902439	-177.82833207185	1839.06633329845	3474.48212521287	0.966029876845474	0.0131721244224187	0.0207979987321076	0.983171645758384	0.00552705902087463	0.0113012952207413
21__Main Tower	541.609756097561	-177.77746288546	1836.94782551114	3472.7638665952	0.962055979487043	0.0166057766545019	0.0213382438584552	0.981398513618077	0.00698270360745131	0.011618782774472
20__Main Tower	542.229268292683	-177.719382160036	1834.34400087291	3470.6453588079	0.957334051851658	0.0208666146481641	0.0217993335001783	0.979304585030344	0.00879629359270217	0.0118991213769542
19__Main Tower	542.848780487805	-177.652566513552	1831.15942546591	3468.04153416967	0.951710242049817	0.0261221167980852	0.0221676411520981	0.976819976007776	0.0110441063743977	0.012135917617826
18__Main Tower	543.468292682927	-177.575312460993	1827.29108070755	3464.85695876267	0.945015150233671	0.0325573115318659	0.0224275382344637	0.973865730550419	0.0138125848118239	0.0123216846377573
17__Main Tower	544.087804878049	-177.485787718008	1822.63371757435	3460.98861400431	0.937070474137001	0.0403678018611565	0.0225617240018422	0.970355699791232	0.0171964030592254	0.012447897149543
16__Main Tower	544.707317073171	-177.382127408027	1817.08853317862	3456.33125087111	0.927700515393225	0.0497475185150687	0.0225519660917064	0.966200364742228	0.0212944251144236	0.0125052101433486
15__Main Tower	545.326829268293	-177.262587098796	1810.57562193277	3450.78606647538	0.916749551083155	0.0608700675313044	0.0223803813855403	0.961313213336732	0.0262028749165521	0.0124839117467157
14__Main Tower	545.946341463415	-177.125758832385	1803.04991079296	3444.27315522953	0.904105250673081	0.0738634096516462	0.0220313396752732	0.955620101433498	0.0320052230543973	0.012374675512105
13__Main Tower	546.565853658537	-176.970843299591	1794.51900267174	3436.74744408972	0.889726709076981	0.0887793370529843	0.0214939538700348	0.949071532893396	0.0387588225687496	0.0121696445378548
12__Main Tower	547.185365853659	-176.797950101528	1785.05965174402	3428.2165359685	0.873673294662292	0.105561787060793	0.0207649182769149	0.941656901222368	0.0464792920546885	0.0118638067229435
11__Main Tower	547.804878048781	-176.608371620755	1774.82803693573	3418.75718504078	0.856127899142232	0.124020902701436	0.0198511981563322	0.933418504954748	0.0551249904171769	0.0114565046280751
10__Main Tower	548.424390243903	-176.404753534647	1764.05856057211	3408.52557023248	0.837406506278048	0.143821644502553	0.0187718492193986	0.924461913818571	0.0645852997022944	0.0109527864791347
9__Main Tower	549.043902439025	-176.19108106263	1753.04762027631	3397.75609386887	0.81794683545611	0.164494964761508	0.0175581997823825	0.91495866788215	0.0746771299605513	0.0103642021572989
8__Main Tower	549.663414634147	-175.972428289711	1742.1229254514	3386.74515357307	0.798273190242253	0.185474917077349	0.016251892680398	0.905138086203769	0.0851532559023967	0.00970865789383473
7__Main Tower	550.282926829268	-175.754479676336	1731.60419350775	3375.82045874816	0.778941820767846	0.2061573169939	0.0149008622382545	0.895267487054431	0.0957233891142095	0.00900912383135959
6__Main Tower	550.90243902439	-175.542908633644	868.271057775404	3365.30172680451	0.760478199221678	0.225967787703346	0.0135540130749762	0.88562376828134	0.106084914170162	0.00829131754849802
5__Main Tower	551.521951219512	-175.342752593707	863.710849035676	3355.46244441671	0.743320918177586	0.244423243770797	0.0122558380516171	0.876462485026844	0.115956677975716	0.00758083699744076
4__Main Tower	552.141463414634	-175.242258424257	2236.36451365083	3350.90223567698	0.735490222905532	0.25286898815977	0.0116407889346979	0.872197956783736	0.120563945785841	0.00723809743042288
3__Main Tower	552.760975609756	-174.884092417518	2216.09087466718	3228.83928612243	0.703774567321717	0.283644427972736	0.0125810047055465	0.854120322381319	0.137898188690569	0.00798148892811285
2__Main Tower	553.380487804878	-174.473085640535	2193.98379267901	3208.56564713877	0.668192138419894	0.318553937495262	0.0132539240848445	0.832964541705756	0.158427703151344	0.00860775514289985
1__Main Tower	554	-174.023585547992	2239.36322833148	3186.4585651506	0.6303819649579	0.356050413651023	0.0135676213910765	0.80936114080748	0.181595342143502	0.00904351704901866
