Place	P	T	L	V	x_N2	x_O2	x_Ar	y_N2	y_O2	y_Ar
Condenser	528.6	-178.378519085095	1758.23515666348	3.00680143636055E-05	0.996854806890022	0.000335775672652842	0.00280941743732477	0.998357972634348	0.000138182811030878	0.00150384455462094
42__Main Tower	528.6	-178.356615033905	1757.00042473422	3431.41253314826	0.993940965175377	0.000814961370001492	0.00524407345462101	0.996854806903194	0.00033577567092142	0.00280941742588459
41__Main Tower	529.219512195122	-178.31962487758	1756.11699927787	3481.52392089993	0.991070646942101	0.00139981662613052	0.00752953643176878	0.995384295355222	0.000577603529323258	0.00403810111545445
40__Main Tower	529.839024390244	-178.28250363534	1755.23019472274	3480.64049544358	0.988219844104359	0.00211164566547279	0.00966851023016837	0.993936475744214	0.000872625256155063	0.00519089899963065
39__Main Tower	530.458536585366	-178.24499954219	1754.32509343453	3479.75369088845	0.985360539830899	0.00297569812771677	0.0116637620413846	0.992499226377092	0.00123154615072758	0.00626922747218012
38__Main Tower	531.078048780488	-178.206818201983	1753.38500005369	3478.84858960025	0.982460268360052	0.00402176585470808	0.0135179657852403	0.991058440486821	0.00166704436179749	0.00727451515138202
37__Main Tower	531.69756097561	-178.167617499789	1752.3911265751	3477.9084962194	0.979481638625248	0.00528481274758644	0.0152335486271655	0.989597810933197	0.00219406489922569	0.00820812416757708
36__Main Tower	532.317073170732	-178.127002294849	1751.32207364248	3476.91462274081	0.976381846789878	0.00680561065152107	0.0168125425586008	0.9880985994	0.00283012758812729	0.00907127301187317
35__Main Tower	532.936585365854	-178.08451924245	1750.15329155151	3475.84556980819	0.973112219196593	0.00863133734391418	0.018256443459493	0.986539404157015	0.00359563419562838	0.00986496164735656
34__Main Tower	533.556097560976	-178.039652281164	1748.85657592044	3474.67678771722	0.969617847750584	0.0108160701982329	0.0195660820511834	0.984895948413568	0.00451415122963082	0.0105899003568015
33__Main Tower	534.175609756098	-177.991819568184	1747.39961741253	3473.38007208616	0.965837406036768	0.0134210801203764	0.0207415138428557	0.983140921837241	0.00561263326157925	0.0112464449011795
32__Main Tower	534.79512195122	-177.940372955429	1745.74563176204	3471.92311357825	0.961703266708535	0.0165147948565286	0.0217819384349364	0.981243921347579	0.00692153671391132	0.0118345419385099
31__Main Tower	535.414634146342	-177.884601464935	1743.85313707134	3470.26912792775	0.957142077410056	0.0201722602393416	0.0226856623506023	0.97917155368588	0.00847475597049535	0.0123536903436249
30__Main Tower	536.034146341464	-177.823740613906	1741.67599322303	3468.37663323705	0.952075989565356	0.0244738866098296	0.0234501238248141	0.976887780478938	0.0103092933992362	0.0128029261218255
29__Main Tower	536.653658536585	-177.756989793006	1739.16389313913	3466.19948938875	0.94642476383411	0.0295032339756102	0.0240720021902795	0.974354604194773	0.0124645548914215	0.0131808409138055
28__Main Tower	537.273170731707	-177.683540098591	1736.26357300692	3463.68738930484	0.940108984229854	0.0353435780066224	0.0245474377635236	0.971533205917244	0.0149811476787262	0.0134856464040294
27__Main Tower	537.892682926829	-177.602614875689	1732.92108312023	3460.78706917264	0.933054579611684	0.0420730316125935	0.0248723887757228	0.968385645745462	0.0178990555689798	0.0137152986855585
26__Main Tower	538.512195121951	-177.513524490525	1729.08547064519	3457.44457928594	0.925198750179514	0.0497581023745282	0.0250431474459574	0.964877212925102	0.0212550902430734	0.0138676968318249
25__Main Tower	539.131707317073	-177.415735232066	1724.71412538031	3453.60896681091	0.916497200571993	0.0584457750252448	0.0250570244027618	0.96097945224314	0.0250795807301701	0.0139409670266898
24__Main Tower	539.751219512195	-177.308949515556	1719.54017041577	3449.23762154603	0.906932273424553	0.0681545406107226	0.0249131859647244	0.956673783180076	0.0293923811315436	0.0139338356883807
23__Main Tower	540.370731707317	-177.193863087907	1713.07275307736	3444.06366658148	0.896545906466377	0.0788448343776954	0.0246092591559279	0.951958596063863	0.0341960935711071	0.0138453103650297
22__Main Tower	540.990243902439	-177.07014469271	1706.28721621645	3437.59624924308	0.885406532316756	0.0904424636831856	0.0241510040000581	0.946867422769836	0.039459546930241	0.0136730302999225
21__Main Tower	541.609756097561	-176.939067254504	1699.23649896003	3430.81071238217	0.87361807334123	0.102830643565787	0.0235512830929823	0.941426868111134	0.0451496411788591	0.0134234907100064
20__Main Tower	542.229268292683	-176.801954078472	1691.93101593384	3423.75999512574	0.861327618346528	0.115844905182302	0.0228274764711704	0.935691537294323	0.0512047094536476	0.0131037532520293
19__Main Tower	542.848780487805	-176.660570185756	1684.46927189	3416.45451209956	0.848722845421436	0.129276282748143	0.0220008718304207	0.929737667486851	0.0575393702595926	0.0127229622535561
18__Main Tower	543.468292682927	-176.517021033684	1676.99681161664	3408.99276805572	0.836019742763352	0.142883990144155	0.0210962670924932	0.923659070140171	0.0640485309767436	0.0122923988830855
17__Main Tower	544.087804878049	-176.373606639278	1669.67653356116	3401.52030778235	0.823446585982748	0.156412638105203	0.0201407759120486	0.917560883795218	0.0706140276111737	0.0118250885936086
16__Main Tower	544.707317073171	-176.232648081093	1662.66556578815	3394.20002972688	0.811226203082637	0.169611668724352	0.0191621281930113	0.911551750324764	0.0771131819383709	0.0113350677368647
15__Main Tower	545.326829268293	-176.096311894523	1656.09806726636	3387.18906195387	0.799559199570888	0.182253995059403	0.0181868053697093	0.905735509477092	0.0834280369374305	0.0108364535854772
14__Main Tower	545.946341463415	-175.966459241319	1650.07445768297	3380.62156343208	0.788610667345469	0.19415098378097	0.0172383488735609	0.900203682892643	0.0894538286306552	0.0103424884767018
13__Main Tower	546.565853658537	-175.844540666838	1644.65712109605	3374.59795384868	0.778502052664235	0.20516183990874	0.0163361074270247	0.895029836840814	0.0951054426901042	0.00986472046908152
12__Main Tower	547.185365853659	-175.731546292768	1639.87166103326	3369.18061726176	0.769308657382911	0.215196779576943	0.0154945630401456	0.890266454142592	0.100321108426856	0.00941243743055264
11__Main Tower	547.804878048781	-175.628009471551	1635.73689332051	3364.39515719897	0.76106212207508	0.224214639262439	0.0147232386624813	0.885944386242902	0.105063209548499	0.00899240420859982
10__Main Tower	548.424390243903	-175.534084381723	1632.26285641238	3360.26038948623	0.75375057546715	0.232222139872502	0.0140272846603479	0.882073584908593	0.109317483741546	0.00860893134986108
9__Main Tower	549.043902439025	-175.449363469757	1629.26301634242	3356.78635257809	0.747341321825291	0.239251078143943	0.0134076000307663	0.878643528165775	0.11309228127963	0.00826419055459517
8__Main Tower	549.663414634147	-175.373555790352	1626.71931419253	3353.78651250814	0.74178229190571	0.245355639150761	0.0128620689435293	0.875641637318063	0.116400368602749	0.0079579940791879
7__Main Tower	550.282926829268	-175.306045021279	1624.60003349373	3351.24281035824	0.737005504945604	0.250607912116405	0.0123865829379913	0.873040625083717	0.119270322295975	0.00768905262030874
6__Main Tower	550.90243902439	-175.246091998657	722.058272667202	3349.12352965945	0.732934515499588	0.255089766040919	0.0119757184594927	0.8708065495302	0.121738321037822	0.00745512943197806
5__Main Tower	551.521951219512	-175.192882803107	721.411842316708	3347.41428773523	0.729488440555023	0.258888188324592	0.0116233711203847	0.868901176492576	0.123845407149412	0.00725341635801163
4__Main Tower	552.141463414634	-175.16376107543	2092.87706894803	3346.76785738473	0.728235331598906	0.260275869517904	0.0114887988831899	0.868184620579411	0.124638825334896	0.0071765540856923
3__Main Tower	552.760975609756	-174.780722240402	2072.75848053949	3223.51646984634	0.694429083671265	0.293057432332143	0.0125134839965918	0.848705167110817	0.143307621377762	0.00798721151142124
2__Main Tower	553.380487804878	-174.372589143079	2052.50107090543	3203.3978814378	0.659355145253182	0.327438607657325	0.0132062470894936	0.827587433206165	0.163784324152476	0.00862824264135868
1__Main Tower	554	-173.958734496313	2101.19859990476	3183.14047180374	0.624852477820307	0.361622638788878	0.0135248833908151	0.805819040153753	0.185130746488766	0.00905021335748086
