Place	P	T	L	V	x_N2	x_O2	x_Ar	y_N2	y_O2	y_Ar
Condenser	531.457142857143	-178.328973647369	1939.14975869211	4.08925206136506E-06	0.999577453467435	1.79526682753284E-06	0.000420751265737256	0.999773984450512	7.3912728029521E-07	0.000225276422207791
42__Main Tower	531.457142857143	-178.326323514088	1938.92472431239	3436.12869403454	0.999209868778372	4.35990432660371E-06	0.000785771317301816	0.999577453467669	1.79526682627596E-06	0.000420751265504626
41__Main Tower	532.076655052265	-178.308469699786	1939.06074791159	3481.84316649019	0.998827149611919	7.8245656734222E-06	0.00116502582240763	0.999372757561557	3.2234296751097E-06	0.000624019008767655
40__Main Tower	532.696167247387	-178.290510809695	1939.18385753149	3481.97919008938	0.998428637540992	1.25021450626645E-05	0.00155886031394543	0.999159620770857	5.15289077841465E-06	0.000835226338364484
39__Main Tower	533.315679442509	-178.272440392041	1939.29638943585	3482.10229970928	0.99801357372457	1.88134470305292E-05	0.00196761282839905	0.998937677519668	7.7579306572197E-06	0.00105456454967496
38__Main Tower	533.935191637631	-178.254250721386	1939.39959057849	3482.21483161364	0.997581063105476	2.73240919222428E-05	0.00239161280260223	0.998706505957103	1.12729403812835E-05	0.00128222110251553
37__Main Tower	534.554703832753	-178.235932357474	1939.49377536085	3482.31803275628	0.997130026857957	3.87939180581358E-05	0.00283117922398438	0.998465608250145	1.6012978267595E-05	0.00151837877158784
36__Main Tower	535.174216027875	-178.217473556425	1939.57856644979	3482.41221753864	0.996659139003891	5.42430611154914E-05	0.0032866179349937	0.998214384313814	2.24012862392278E-05	0.00176321439994665
35__Main Tower	535.793728222997	-178.19885948346	1939.65306356589	3482.49700862758	0.99616674172029	7.50402684758413E-05	0.00375821801123459	0.997952096670627	3.10060938295652E-05	0.00201689723554333
34__Main Tower	536.413240418119	-178.180071160266	1939.71591215053	3482.57150574368	0.995650732154808	0.000103020824689792	0.0042462470205018	0.99767782341603	4.25898037377851E-05	0.00227958678023182
33__Main Tower	537.032752613241	-178.161084059016	1939.76528096852	3482.63435432832	0.995108411330642	0.000140643858908951	0.00475094481044924	0.99739039532784	5.81746639506714E-05	0.00255143000820954
32__Main Tower	537.652264808362	-178.141866227142	1939.79876239574	3482.68372314631	0.994536282774365	0.000191201947498724	0.00527251527813603	0.997088311913263	7.91303622990215E-05	0.00283255772443802
31__Main Tower	538.271777003484	-178.122375790413	1939.81320249588	3482.71720457353	0.993929784639572	0.000259100029103952	0.00581111533132361	0.996769629548288	0.000107290724302116	0.00312307972741026
30__Main Tower	538.891289198606	-178.102557634266	1939.80445801264	3482.73164467367	0.993282934090855	0.000350225976093459	0.00636683993305156	0.996431812725475	0.00014510897165685	0.00342307830286776
29__Main Tower	539.510801393728	-178.082339001934	1939.7670677014	3482.72290019043	0.992587856285048	0.000472442021756544	0.0069397016931951	0.99607153666129	0.000195863948863998	0.00373259938984556
28__Main Tower	540.13031358885	-178.061623669636	1939.69381661354	3482.68550987919	0.99183416214385	0.000636234964088866	0.00752960289206114	0.995684425977121	0.000263933514205235	0.00405164050867361
27__Main Tower	540.749825783972	-178.04028426072	1939.57516380048	3482.61225879133	0.991008128974173	0.000855573983018431	0.00813629704280836	0.995264709703938	0.000355156096670444	0.00438013419939153
26__Main Tower	541.369337979094	-178.018152139601	1939.39849545959	3482.49360597827	0.99009162568348	0.00114903825063506	0.00875933606588441	0.994804767330028	0.000477307408603819	0.00471792526136875
25__Main Tower	541.988850174216	-177.995004182082	1939.14715625696	3482.31693763738	0.989060709955549	0.00154129224449718	0.00939799779995357	0.994294533945452	0.000640726575081189	0.00506473947946646
24__Main Tower	542.608362369338	-177.970545555117	1938.79920214079	3482.06559843475	0.987883808987844	0.0020650041556432	0.0100511868565127	0.99372072483989	0.000859134424266687	0.0054201407358433
23__Main Tower	543.22787456446	-177.944387469508	1938.32581017263	3481.71764431858	0.986519380084806	0.00276332019715771	0.0107172997180363	0.993065831646714	0.00115069594061095	0.00578347241267505
22__Main Tower	543.847386759582	-177.916018724097	1937.68927866091	3481.24425235042	0.984912936492323	0.00369302096488681	0.0113940425427905	0.992306834449314	0.00153938776533602	0.00615377778534994
21__Main Tower	544.466898954704	-177.884769800858	1936.84056057234	3480.6077208387	0.982993324937507	0.0049284874512973	0.012078187611196	0.991413569571966	0.00205673768892825	0.00652969273910609
20__Main Tower	545.086411149826	-177.849768410506	1935.716305924	3479.75900275013	0.98066816803738	0.00656657965390158	0.0127652523087189	0.990346695598195	0.00274400162214984	0.00690930277965543
19__Main Tower	545.705923344948	-177.809885924172	1934.23546266917	3478.63474810179	0.977818460143738	0.00873245567206726	0.0134490841841951	0.989055218513194	0.00365482615484024	0.00728995533196595
18__Main Tower	546.32543554007	-177.763675380058	1932.29562655931	3477.15390484695	0.974292466048025	0.0115861947735416	0.0141213391784335	0.987473584133611	0.00485839737028695	0.00766801849610175
17__Main Tower	546.944947735192	-177.709304214029	1929.76957796262	3475.2140687371	0.969899372395606	0.0153297762043187	0.014770851400075	0.985518443104061	0.00644297674813689	0.00803858014780233
16__Main Tower	547.564459930314	-177.644489205017	1926.50282959054	3472.68802014041	0.964403652360586	0.0202134298312817	0.0153829178081326	0.983085370777671	0.00851954034879464	0.00839508887353439
15__Main Tower	548.183972125436	-177.566448132587	1922.31358132482	3469.42127176833	0.957521898213799	0.0265395337372397	0.0159385680489615	0.980046118973585	0.0112249267717602	0.00872895425465474
14__Main Tower	548.803484320558	-177.47189288995	1916.99718313625	3465.23202350261	0.948924984286056	0.0346610481572937	0.0164139675566504	0.976247424053794	0.0147234227749766	0.0090291531712294
13__Main Tower	549.42299651568	-177.357101869314	1910.3379049212	3459.91562531404	0.93824973168744	0.0449700528231889	0.0167802154893712	0.971513000095116	0.0192050641773506	0.0092819357275336
12__Main Tower	550.042508710802	-177.21812244582	1902.13107460185	3453.25634709899	0.925125323331953	0.0578707400214506	0.0170039366465965	0.965651020048615	0.0248781896880928	0.00947079026329225
11__Main Tower	550.662020905924	-177.051159813934	1892.21772090466	3445.04951677964	0.909219591724993	0.073731227948591	0.0170491803264159	0.958469855561972	0.0319532425641881	0.00957690187383984
10__Main Tower	551.281533101046	-176.853192473314	1880.53074620882	3435.13616308245	0.890307383388503	0.0928114936133544	0.0168811229981427	0.949804536443423	0.0406150730087752	0.00958039054780227
9__Main Tower	551.901045296167	-176.622799367127	1867.14572122449	3423.44918838661	0.868355784731899	0.11517245153287	0.016471763735231	0.93955444301351	0.0509829787700235	0.00946257821646613
8__Main Tower	552.520557491289	-176.361078231686	1852.32162356407	3410.06416340228	0.843608876039232	0.140584062270741	0.0158070616900277	0.927728372168558	0.0630623090148164	0.00920931881662607
7__Main Tower	553.140069686411	-176.072398345474	1836.51121513665	3395.24006574186	0.816641776518146	0.168464356769313	0.0148938667125408	0.91448657241869	0.076698455302295	0.00881497227901488
6__Main Tower	553.759581881533	-175.764634776787	1014.25943760236	3379.42965731444	0.7883493599302	0.197886599726165	0.0137640403436348	0.900163216027099	0.0915507887072824	0.00828599526561821
5__Main Tower	554.379094076655	-175.448581338633	1005.36246610065	3363.24695757651	0.759849276255201	0.227677488255131	0.0124732354896674	0.885252062924188	0.10710524525582	0.00764269181999186
4__Main Tower	554.998606271777	-175.268086324001	2380.1740528478	3354.3499860748	0.744449437782436	0.243851027083372	0.0116995351341929	0.876967067638673	0.115793355368416	0.00723957699291069
3__Main Tower	555.618118466899	-174.931641681996	2359.6899443114	3234.44495865224	0.714546518718997	0.272870693210824	0.012582788070179	0.860118838086565	0.131947768816949	0.00793339309648632
2__Main Tower	556.237630662021	-174.517173554227	2335.58330528218	3213.96085011583	0.678386387556737	0.308355883980683	0.0132577284625805	0.838901332320455	0.152540793731341	0.00855787394820349
1__Main Tower	556.857142857143	-174.029753992331	2377.56709499863	3189.85421108662	0.637020679008089	0.349390835145898	0.013588485846013	0.813364985934077	0.177613372101127	0.00902164196479497
