Place	P	T	L	V	x_N2	x_O2	x_Ar	y_N2	y_O2	y_Ar
Condenser	531.457142857143	-178.328974469215	1939.14971532065	4.37149792766778E-05	0.999577567468665	1.79447530669466E-06	0.000420638056027812	0.999774045397926	7.38801370272701E-07	0.000225215800703898
42__Main Tower	531.457142857143	-178.32632505296	1938.9111554395	3436.1460367428	0.999210082080467	4.35798241906776E-06	0.000785559937114425	0.999577567471165	1.79447529326427E-06	0.000420638053541632
41__Main Tower	532.076655052265	-178.308472009792	1939.0399811949	3481.8471501473	0.998827469497773	7.82108910359866E-06	0.00116470941312356	0.999372928528698	3.22199704332593E-06	0.000623849474259015
40__Main Tower	532.696167247387	-178.290513957722	1939.16365439388	3481.9759759027	0.998429073037635	1.24965192472018E-05	0.00155843044311838	0.999159853516376	5.15057113777584E-06	0.000834995912485872
39__Main Tower	533.315679442509	-178.272444444167	1939.2811975645	3482.09964910168	0.998014133674362	1.88048633721566E-05	0.00196706146226573	0.998937976740755	7.75438934756535E-06	0.00105426886989731
38__Main Tower	533.935191637631	-178.254255736288	1939.39029588428	3482.21719227231	0.997581755235348	2.73114669998269E-05	0.00239093329765234	0.998706875726934	1.12677286594914E-05	0.00128185654440613
37__Main Tower	534.554703832753	-178.235938389106	1939.49131615419	3482.32629059208	0.99713085812672	3.87758006014464E-05	0.00283036607267879	0.998466052192381	1.60054945775627E-05	0.00151794231304125
36__Main Tower	535.174216027875	-178.217480652038	1939.58733398142	3482.42731086199	0.996660115298671	5.42175207794516E-05	0.00328566718054982	0.998214905425914	2.23907298210566E-05	0.00176270384426507
35__Main Tower	535.793728222997	-178.198867664277	1939.68178852118	3482.52332868923	0.996167865159081	7.50048126247481E-05	0.00375713002829403	0.997952695864476	3.09914297458187E-05	0.00201631270577818
34__Main Tower	536.413240418119	-178.180080384197	1939.77515313891	3482.61778322898	0.995651995933273	0.000102972411373373	0.0042450316553534	0.997678496747404	4.25697675780424E-05	0.00227893348501813
33__Main Tower	537.032752613241	-178.161094181912	1939.86283780428	3482.71114784671	0.995109794419611	0.000140579055983523	0.00474962652440492	0.997391131156763	5.81478270632991E-05	0.00255072101617362
32__Main Tower	537.652264808362	-178.141876987774	1939.93513774448	3482.79883251208	0.994537747947428	0.000191117220883232	0.00527113483168927	0.997089089863817	7.90952507506432E-05	0.00283181488543252
31__Main Tower	538.271777003484	-178.122386840884	1939.97914804307	3482.87113245228	0.993931282786843	0.000258992024396662	0.00580972518876014	0.996770422846707	0.000107245935468191	0.00312233121782434
30__Main Tower	538.891289198606	-178.102568622549	1939.98186242175	3482.91514275088	0.993284415647968	0.000350091511827348	0.00636549284020491	0.996432594338687	0.000145053171446351	0.00342235248986656
29__Main Tower	539.510801393728	-178.082349691601	1939.93330930767	3482.91785712956	0.992589287587098	0.000472277402725947	0.00693843501017657	0.996072288021456	0.000195795586230229	0.00373191639231407
28__Main Tower	540.13031358885	-178.061634060844	1939.82845727802	3482.86930401548	0.991835541627661	0.000636034258597517	0.0075284241137418	0.995685145524298	0.000263850103194352	0.00405100437250788
27__Main Tower	540.749825783972	-178.040294664507	1939.66679858509	3482.76445198583	0.991009496596546	0.000855326214461817	0.00813517718899167	0.995265417668786	0.000355053042539717	0.00437952928867456
26__Main Tower	541.369337979094	-178.018163162395	1939.44911297295	3482.6027932929	0.990093059784079	0.00114872408686295	0.00875821612905783	0.994805503705931	0.000477176617398653	0.00471731967666988
25__Main Tower	541.988850174216	-177.99501660255	1939.17187225363	3482.38510768076	0.98906230951481	0.00154088157901917	0.00939680890617063	0.994295348690914	0.000640555424755465	0.00506409588433015
24__Main Tower	542.608362369338	-177.970560117185	1938.8211396915	3482.10786696144	0.987885665130875	0.00206445649472644	0.0100498783743989	0.993721662590366	0.000858905895874249	0.00541943151375948
23__Main Tower	543.22787456446	-177.944404653119	1938.36798843513	3481.7571343993	0.986521545791299	0.00276258947580194	0.0107158647328992	0.99306691594072	0.0011503905929773	0.00578269346630313
22__Main Tower	543.847386759582	-177.916038572541	1937.76674970826	3481.30398314294	0.984915405429065	0.00369206494413924	0.0113925296267955	0.992308057368553	0.00153898762978488	0.00615295500166194
21__Main Tower	544.466898954704	-177.884791870498	1936.95702404172	3480.70274441607	0.982996027847362	0.00492727944916847	0.0120766927034698	0.991414891090728	0.00205623116150723	0.00652887774776502
20__Main Tower	545.086411149826	-177.849791832295	1935.86611543788	3479.89301874953	0.980670984407931	0.00656511971100526	0.0127638958810643	0.990348051084927	0.00274338815806739	0.00690856075700578
19__Main Tower	545.705923344948	-177.809909498081	1934.40885670264	3478.80211014569	0.977821234011826	0.00873078008492381	0.0134479859032499	0.989056528232044	0.00365412034095023	0.0072893514270059
18__Main Tower	546.32543554007	-177.763697594662	1932.48314567884	3477.34485141045	0.974295011963012	0.0115843867207653	0.0141206013162227	0.987474757446096	0.00485763356942978	0.00766760898447455
17__Main Tower	546.944947735192	-177.709323141537	1929.96298713512	3475.41914038665	0.969901465975826	0.0153279812386085	0.0147705527855653	0.985519374654481	0.00644221601683109	0.00803840932868745
16__Main Tower	547.564459930314	-177.644502351487	1926.69303991185	3472.89898184293	0.964405016022403	0.0202118736074336	0.0153831103701634	0.983085933886928	0.0085188787157903	0.00839518739728127
15__Main Tower	548.183972125436	-177.566452460901	1922.48890690162	3469.62903461966	0.95752220771486	0.0265385258218429	0.0159392664632977	0.980046168179986	0.0112244982316345	0.00872933358837938
14__Main Tower	548.803484320558	-177.47188524219	1917.14471394054	3465.42490160943	0.948923920051513	0.0346609474674614	0.0164151324810253	0.976246817304033	0.0147233865130981	0.00902979618286871
13__Main Tower	549.42299651568	-177.357079832007	1910.44775889425	3460.08070864835	0.938247075764142	0.0449711815471668	0.0167817426886912	0.971511640527663	0.0192055696307353	0.00928278984160185
12__Main Tower	550.042508710802	-177.218085384347	1902.20044535808	3453.38375360206	0.925121067556935	0.0578732661612699	0.0170056662817954	0.965648902489608	0.0248793264497436	0.00947177106064862
11__Main Tower	550.662020905924	-177.051109581393	1892.25143841752	3445.13644006589	0.909214001684475	0.0737350693945829	0.0170509289209425	0.958467094851074	0.0319549960769288	0.00957790907199689
10__Main Tower	551.281533101046	-176.853133448972	1880.53834630556	3435.18743312533	0.890300983724089	0.092816292262709	0.0168827240132018	0.949801364377645	0.0406173062170492	0.00958132940530572
9__Main Tower	551.901045296167	-176.622737838721	1867.13660685019	3423.47434101337	0.868349272913769	0.115177628704144	0.0164730983820868	0.939551177431399	0.050985445817817	0.00946337675078409
8__Main Tower	552.520557491289	-176.361021696052	1852.30330086588	3410.072601558	0.843603030948818	0.140588901494182	0.0158080675570003	0.927725386815	0.063064679475137	0.00920993370986356
7__Main Tower	553.140069686411	-176.072354587617	1836.48953312464	3395.23929557369	0.816637352306798	0.168468114225059	0.0148945334681432	0.914484257782163	0.0767003537579152	0.00881538845992215
6__Main Tower	553.759581881533	-175.764610489805	1014.25319454794	3379.42552783245	0.78834694948946	0.197888651097372	0.0137643994131678	0.900161916034227	0.0915518613006707	0.00828622266510268
5__Main Tower	554.379094076655	-175.448574376481	1005.38478323688	3363.25516850644	0.759848587361138	0.227678038683329	0.0124733739555325	0.885251676411482	0.107105544058424	0.00764277953009409
4__Main Tower	554.998606271777	-175.268071402821	2380.19185361786	3354.38675719539	0.744448019413761	0.243852344121681	0.0116996364645579	0.876966278612602	0.115794075571683	0.00723964581571535
3__Main Tower	555.618118466899	-174.931615328137	2359.69449278455	3234.47721340665	0.714544081769231	0.272873015388652	0.0125829028421168	0.860117436984961	0.131949085501791	0.00793347751324792
2__Main Tower	556.237630662021	-174.517144125829	2335.57547568446	3213.97985257334	0.678383748490074	0.308358427804291	0.0132578237056352	0.838899743560893	0.152542306284501	0.00855795015460561
1__Main Tower	556.857142857143	-174.029733924513	2377.55264101428	3189.86083547325	0.637018942844615	0.349392522132557	0.0135885350228287	0.813363879939418	0.177614434717998	0.00902168534258436
