Place	P	T	L	V	x_N2	x_O2	x_Ar	y_N2	y_O2	y_Ar
Condenser	531.457142857143	-178.331976043264	2209.75812024097	4.63439975513468E-05	0.999994278150494	7.95770679049775E-09	5.71389179889003E-06	0.999996937732525	3.27573030320148E-09	3.0589917447849E-06
42__Main Tower	531.457142857143	-178.3319397297	2209.66205921255	3442.49908437351	0.999989307705078	1.93315475219491E-08	1.06729633750325E-05	0.99999427815053	7.95770672746753E-09	5.71389176314894E-06
41__Main Tower	532.076655052265	-178.31680407897	2209.99019275013	3480.23312319338	0.999983412472917	3.68623544822086E-08	1.65506647286573E-05	0.999991122326117	1.5179160992792E-08	8.86249472244247E-06
40__Main Tower	532.696167247387	-178.301679257768	2210.33215543751	3480.56125673096	0.999976420535307	6.38745026406981E-08	2.35155901907985E-05	0.999987378964131	2.63107777444075E-08	1.25947250912622E-05
39__Main Tower	533.315679442509	-178.286554607494	2210.67433065088	3480.90321941834	0.999968127496701	1.05483113800731E-07	3.17670201851935E-05	0.999982938777218	4.34642072263297E-08	1.70177585749447E-05
38__Main Tower	533.935191637631	-178.271431252637	2211.01322745805	3481.24539463171	0.999958289918442	1.69556762253504E-07	4.15405247958026E-05	0.999977671858092	6.98886795328669E-08	2.22582532280432E-05
37__Main Tower	534.554703832753	-178.25630728353	2211.3504454478	3481.58429143889	0.99994661731073	2.68196127032135E-07	5.31144931429814E-05	0.99997142348138	1.10582724324226E-07	2.84659358961279E-05
36__Main Tower	535.174216027875	-178.241181253644	2211.68917708832	3481.92150942864	0.999932762088225	4.20005382049947E-07	6.68179063927187E-05	0.999964008996284	1.73233789191058E-07	3.58177699272513E-05
35__Main Tower	535.793728222997	-178.226048318015	2212.02646086728	3482.26024106916	0.999916307014231	6.53578911169104E-07	8.30394068576641E-05	0.999955207432169	2.69661692279118E-07	4.45229061383623E-05
34__Main Tower	536.413240418119	-178.210905411272	2212.36134976099	3482.59752484812	0.99989674910542	1.01285359564679E-06	0.000102238040984672	0.999944753559943	4.18034144671558E-07	5.48284059123946E-05
33__Main Tower	537.032752613241	-178.195747965981	2212.69329662611	3482.93241374183	0.999873478788039	1.56532118767783E-06	0.000124955890773041	0.999932327626038	6.4626834872212E-07	6.70261056133915E-05
32__Main Tower	537.652264808362	-178.180570373719	2213.02126347968	3483.26436060695	0.99984575241921	2.41462566959482E-06	0.000151832955120519	0.999917542102998	9.97250329343528E-07	8.14606466722516E-05
31__Main Tower	538.271777003484	-178.165365683645	2213.34421519768	3483.59232746052	0.999812655466583	3.71988053353071E-06	0.00018362465288344	0.999899924227737	1.53684136335903E-06	9.85389308992133E-05
30__Main Tower	538.891289198606	-178.150125171319	2213.66294889102	3483.91527917851	0.999773052359383	5.72527865166452E-06	0.000221222361965752	0.999878892590156	2.36615595710602E-06	0.000118741253886858
29__Main Tower	539.510801393728	-178.134837761156	2213.97787591244	3484.23401287186	0.999725516836274	8.80546910856031E-06	0.000265677694617717	0.999853725209679	3.64038351275267E-06	0.000142634406808432
28__Main Tower	540.13031358885	-178.119489172761	2214.28795598754	3484.54893989328	0.999668234029597	1.35350639003534E-05	0.000318230906502359	0.999823515273082	5.597632566396E-06	0.00017088709435181
27__Main Tower	540.749825783972	-178.104060704816	2214.59043800505	3484.85901996837	0.9995988607919	2.07950621413756E-05	0.000380344145958167	0.999787108917604	8.60311411108695E-06	0.000204287968285049
26__Main Tower	541.369337979094	-178.088527457561	2214.88191823162	3485.16150198588	0.999514324007007	3.19357214408681E-05	0.000453740271551462	0.999743016479912	1.3216792559406E-05	0.000243766727528712
25__Main Tower	541.988850174216	-178.072855715485	2215.15898396299	3485.45298221246	0.999410526194644	4.90256875239923E-05	0.000540448117831681	0.999689284291937	2.02969207038102E-05	0.000290418787358967
24__Main Tower	542.608362369338	-178.056999065384	2215.4183125838	3485.73004794383	0.999281912080763	7.5232837034786E-05	0.000642855082202102	0.999623307544195	3.11584091428897E-05	0.000345534046662395
23__Main Tower	543.22787456446	-178.040892606081	2215.65629640815	3485.98937656464	0.999120826104592	0.000115406052928103	0.000763767842479462	0.999541554786897	4.78149235986839E-05	0.000410630289503854
22__Main Tower	543.847386759582	-178.024444274864	2215.86791309764	3486.22736038899	0.998916555051789	0.000176963157496312	0.00090648179071462	0.999439159586806	7.33487039746589E-05	0.00048749170921889
21__Main Tower	544.466898954704	-178.007521816698	2216.04416683693	3486.43897707848	0.998653896264353	0.000271244561524963	0.00107485917412173	0.999309312186885	0.000112474962535235	0.000578212850580014
20__Main Tower	545.086411149826	-177.989933174882	2216.16882432198	3486.61523081777	0.998311011739306	0.000415573665608313	0.00127341459508556	0.99914235005882	0.000172402172133119	0.000685247769046554
19__Main Tower	545.705923344948	-177.97139696806	2216.2170514472	3486.73988830282	0.997856209600121	0.000636386198537183	0.00150740420134167	0.998924395491368	0.000264141158292829	0.000811463350339106
18__Main Tower	546.32543554007	-177.951498071217	2216.15554602002	3486.78811542803	0.997243119872102	0.000973968786270538	0.00178291134162719	0.998635312873135	0.000404492618606506	0.00096019450825837
17__Main Tower	546.944947735192	-177.929620929709	2215.93752381628	3486.72661000086	0.996403481352293	0.00148960388274279	0.00210691476496473	0.998245648172157	0.000619055257152803	0.00113529657068987
16__Main Tower	547.564459930314	-177.904849893488	2215.4887087521	3486.50858779712	0.995236413578972	0.00227627524514317	0.00248731117588473	0.997712057652527	0.000946757814329528	0.00134118453314362
15__Main Tower	548.183972125436	-177.875821411811	2214.6902591004	3486.05977273293	0.993592607662183	0.00347455391667538	0.00293283842114191	0.996970521840203	0.00144663962847223	0.00158283853132493
14__Main Tower	548.803484320558	-177.840507502791	2213.36344505915	3485.26132308124	0.991251369433316	0.00529582434784924	0.00345280621883436	0.995926371626981	0.00220788919724643	0.00186573917577222
13__Main Tower	549.42299651568	-177.795904575611	2211.25170914674	3483.93450903999	0.987888054126389	0.00805546637634353	0.00405647949726748	0.994439858425395	0.00336447028593698	0.00219567128866804
12__Main Tower	550.042508710802	-177.737599872079	2207.99335014405	3481.82277312758	0.98302961513673	0.0122185234338773	0.00475186142939296	0.992305802800428	0.00511590481887023	0.00257829238070196
11__Main Tower	550.662020905924	-177.659198074942	2203.08506393445	3478.56441412489	0.975997853929647	0.0184586614189955	0.00554348465135722	0.98922608223335	0.00775562139710991	0.00301829636953984
10__Main Tower	551.281533101046	-177.551631490007	2195.84627713577	3473.65612791529	0.965845759473487	0.0277255699511436	0.00642867057536992	0.984775107961537	0.0117069767086155	0.0035179153298478
9__Main Tower	551.901045296167	-177.402483077517	2185.40552679528	3466.41734111661	0.951305959952306	0.0413023626061655	0.00739167744152865	0.978362463447441	0.0175631188280136	0.00407441772454519
8__Main Tower	552.520557491289	-177.195672606239	2170.7474766051	3455.97659077612	0.930796553305672	0.0608079067108025	0.00839553998352506	0.96920595627223	0.0261177757572073	0.00467626797056324
7__Main Tower	553.140069686411	-176.912225628408	2150.87952243684	3441.31854058594	0.902568492260608	0.0880586884286549	0.00937281931073662	0.956345082407048	0.038356989800331	0.00529792779262102
6__Main Tower	553.759581881533	-176.533259089992	1461.38860096413	3421.45058641768	0.865108980525721	0.124671370722324	0.0102196487519549	0.938747996044415	0.0553577013727913	0.00589430258279347
5__Main Tower	554.379094076655	-176.046288482634	1439.81976352284	3395.75284272573	0.817867896649382	0.171330137685179	0.0108019656654395	0.915578306196973	0.0780237395865339	0.00639795421649312
4__Main Tower	554.998606271777	-175.63420432034	2816.91087701971	3374.18400528444	0.779281761250559	0.209789661547831	0.0109285772016099	0.895742375071286	0.0976356159803812	0.0066220089483332
3__Main Tower	555.618118466899	-175.352805134324	2795.87234102663	3256.5585046116	0.753804412336848	0.234395537458118	0.011800050205034	0.88201755751649	0.11072169094524	0.00726075153826981
2__Main Tower	556.237630662021	-174.92814753735	2764.99024233013	3235.51996861852	0.715598881811557	0.271721681455382	0.0126794367330612	0.860670137295652	0.131339904853994	0.00798995785035377
1__Main Tower	556.857142857143	-174.312798835476	2792.19037321118	3204.63786992202	0.661657141495457	0.324998318553861	0.0133445399506815	0.828735895302027	0.162552120954208	0.0087119837437655
