Place	P	T	L	V	x_N2	x_O2	x_Ar	y_N2	y_O2	y_Ar
Condenser	531.457142857143	-178.331976063262	2209.7091604398	1.36119146942558E-07	0.999994278847238	7.95667541474589E-09	5.71319608661642E-06	0.999996938105473	3.27530561970516E-09	3.05861922130659E-06
42__Main Tower	531.457142857143	-178.331940099743	2209.61672028362	3442.42448912434	0.999989309003905	1.93290507965645E-08	1.06716670438317E-05	0.999994278847238	7.95667541456079E-09	5.71319608651145E-06
41__Main Tower	532.076655052265	-178.316806156332	2209.95158847382	3480.16144763352	0.999983414470087	3.68576535635321E-08	1.65486722593776E-05	0.999991123404857	1.5177199856062E-08	8.86141794315944E-06
40__Main Tower	532.696167247387	-178.301679278057	2210.29125641033	3480.49631582373	0.999976423364891	6.38663947666389E-08	2.35127687138257E-05	0.999987380478338	2.63074382865052E-08	1.25932142238663E-05
39__Main Tower	533.315679442509	-178.286554634823	2210.63049654541	3480.83598376023	0.999968131312327	1.05469773589676E-07	3.17632178991045E-05	0.999982940819048	4.34587112497421E-08	1.70157222409501E-05
38__Main Tower	533.935191637631	-178.271431596759	2210.96824492221	3481.17522389532	0.999958294904342	1.69535386036148E-07	4.15355602724208E-05	0.999977674529913	6.98798521505245E-08	2.22555902352097E-05
37__Main Tower	534.554703832753	-178.256308014181	2211.30467725648	3481.51297227211	0.99994662367957	2.68162454908047E-07	5.3108157975493E-05	0.999971426898759	1.10568787184533E-07	2.84625324536723E-05
36__Main Tower	535.174216027875	-178.241181311838	2211.639890021	3481.84940460638	0.999932770123224	4.1995262182127E-07	6.68099241540068E-05	0.999964013294965	1.73212029790737E-07	3.58134930047561E-05
35__Main Tower	535.793728222997	-178.226048390909	2211.97389469222	3482.1846173709	0.99991631707265	6.53496412503386E-07	8.3029430937505E-05	0.999955212811815	2.6962765777838E-07	4.45175605275981E-05
34__Main Tower	536.413240418119	-178.210905502108	2212.30664220281	3482.51862204213	0.999896761633667	1.0127246038524E-06	0.000102225641728931	0.999944760257709	4.17980914018411E-07	5.48217613770462E-05
33__Main Tower	537.032752613241	-178.195748078693	2212.63797753118	3482.85136955272	0.999873494327158	1.56511952389332E-06	0.000124940553317999	0.999932335928514	6.46185105541471E-07	6.70178863803009E-05
32__Main Tower	537.652264808362	-178.180570512972	2212.96756125905	3483.18270488108	0.999845771608972	2.41431076294185E-06	0.000151814080264859	0.999917552347692	9.97120307547933E-07	8.14505320009193E-05
31__Main Tower	538.271777003484	-178.165365852073	2213.29478566111	3483.51228860895	0.999812679041573	3.71939004786711E-06	0.000183601568379192	0.999899936794256	1.53663896369409E-06	9.85265667799229E-05
30__Main Tower	538.891289198606	-178.150125376894	2213.61874090561	3483.83951301102	0.999773081094486	5.72451949868646E-06	0.000221194386015059	0.999878907889002	2.36584259406809E-06	0.000118726268403558
29__Main Tower	539.510801393728	-178.134838010238	2213.93825147724	3484.16346825551	0.999725551584508	8.80430254111055E-06	0.000265644112950805	0.999853743681366	3.63990182220597E-06	0.000142616416811993
28__Main Tower	540.13031358885	-178.119489472917	2214.25193995138	3484.48297882715	0.999668275791549	1.35332824885918E-05	0.000318190925962062	0.999823537428845	5.59689675737836E-06	0.000170865674397907
27__Main Tower	540.749825783972	-178.104061065347	2214.55823910984	3484.79666730128	0.999598910780905	2.07923555938552E-05	0.00038029686350066	0.999787135370185	8.6019958058223E-06	0.000204262634009424
26__Main Tower	541.369337979094	-178.088527889502	2214.85527992024	3485.10296645975	0.999514383637505	3.19316316241035E-05	0.000453684730870913	0.999743047931766	1.32151021493787E-05	0.000243736966084451
25__Main Tower	541.988850174216	-178.072856230923	2215.14062155603	3485.40000727015	0.999410596975859	4.9019556354587E-05	0.000540383467786791	0.999689321471652	2.02943857415405E-05	0.000290384142606675
24__Main Tower	542.608362369338	-178.056999676161	2215.41083074712	3485.68534890593	0.999281995425279	7.52237566378854E-05	0.000642780818083782	0.99962335109733	3.11546536688346E-05	0.000345494249001457
23__Main Tower	543.22787456446	-178.040893322132	2215.66090460552	3485.95555809703	0.99912092309307	0.000115392833293373	0.000763684073636984	0.999541605145215	4.78094547447507E-05	0.000410585400040051
22__Main Tower	543.847386759582	-178.024445102845	2215.88347691858	3486.20563195542	0.998916666246592	0.000176944325104062	0.00090638942830394	0.999439216867363	7.33409114964833E-05	0.000487442221140005
21__Main Tower	544.466898954704	-178.00752275978	2216.06767591159	3486.42820426848	0.998654021693037	0.000271218386184474	0.00107475992077905	0.999309376185721	0.000112464130242104	0.000578159684036606
20__Main Tower	545.086411149826	-177.989934233246	2216.1974316821	3486.61240326149	0.998311150984184	0.000415538220769776	0.00127331079504651	0.999142420305676	0.000172387503551032	0.000685192190773139
19__Main Tower	545.705923344948	-177.971398136583	2216.24895365058	3486.74215903201	0.997856361541251	0.00063633957476985	0.00150729888397892	0.998924471136441	0.000264121866471305	0.000811406997087624
18__Main Tower	546.32543554007	-177.951499332381	2216.18697805792	3486.79368100048	0.997243281862407	0.000973909650322522	0.00178280848727031	0.998635392309671	0.000404468160461236	0.0009601395298675
17__Main Tower	546.944947735192	-177.929622253244	2215.95919738096	3486.73170540782	0.996403649305551	0.00148953197813823	0.00210681871631042	0.998245729142366	0.000619025544986477	0.00113524531264742
16__Main Tower	547.564459930314	-177.904851268761	2215.48802889009	3486.50392473086	0.995236586057714	0.00227618999808696	0.0024872239441988	0.997712139280192	0.000946722638872478	0.00134113808093509
15__Main Tower	548.183972125436	-177.875822930407	2214.65858738678	3486.03275623999	0.993592795644104	0.00347444859508129	0.00293275576081523	0.996970609204014	0.00144659621815838	0.0015827945778273
14__Main Tower	548.803484320558	-177.840509480539	2213.30147637742	3485.20331473668	0.991251609905673	0.00529567474084662	0.00345271535348056	0.995926481801399	0.00220782744418572	0.00186569075441516
13__Main Tower	549.42299651568	-177.795907683037	2211.1690008793	3483.84620372733	0.987888423558186	0.0080552158361875	0.00405636060562658	0.994440026178121	0.00336436631993179	0.00219560750194701
12__Main Tower	550.042508710802	-177.737605237411	2207.90411377644	3481.7137282292	0.983030238810574	0.0122180685955629	0.00475169259386291	0.99230608445973	0.00511571457390919	0.00257820096636111
11__Main Tower	550.662020905924	-177.65920730694	2203.00375218237	3478.44884112634	0.975998905570016	0.0184578457218352	0.00554324870814874	0.989226555791955	0.00775527692255005	0.00301816728549478
10__Main Tower	551.281533101046	-177.551646519179	2195.78430204201	3473.54847953227	0.965847440635158	0.0277241969469612	0.00642836241788056	0.984775865263486	0.0117063900882113	0.00351774464830296
9__Main Tower	551.901045296167	-177.402505668781	2185.36857728265	3466.32902939192	0.9513084448821	0.0413002450112793	0.00739131010662029	0.978363588086296	0.0175622008285952	0.00407421108510874
8__Main Tower	552.520557491289	-177.195703488642	2170.73345529828	3455.91330463255	0.930799897689319	0.0608049561294878	0.00839514618119333	0.969207484640453	0.0261164733704547	0.00467604198909198
7__Main Tower	553.140069686411	-176.912263580486	2150.87907994505	3441.27818264818	0.902572549316625	0.0880550067705053	0.00937244391286957	0.956346962319468	0.0383553306713389	0.00529770700919344
6__Main Tower	553.759581881533	-176.533300829124	1461.38825191257	3421.42380729495	0.865113421762941	0.124667246403887	0.0102193318331722	0.938750080004439	0.0553558087871469	0.00589411120841446
5__Main Tower	554.379094076655	-176.046331372869	1439.81403113148	3395.7233488307	0.817872497105609	0.171325783535061	0.0108017193593301	0.915580478170201	0.0780217201901802	0.00639780163961837
4__Main Tower	554.998606271777	-175.634249843811	2816.92344649256	3374.14912804961	0.77928589600111	0.209785711855512	0.0109283921433772	0.89574455622124	0.09763356099545	0.00662188278331039
3__Main Tower	555.618118466899	-175.3528712368	2795.91074592713	3256.54192924097	0.753809795041566	0.234390357051338	0.0117998479070963	0.882020703568448	0.110718699560306	0.00726059687124591
2__Main Tower	556.237630662021	-174.92821159638	2765.03630034119	3235.52922867554	0.715603650304524	0.271717060370015	0.0126792893254606	0.860673293668421	0.131336880303729	0.0079898260278496
1__Main Tower	556.857142857143	-174.312836405043	2792.21951805466	3204.6547830896	0.661659481232949	0.324996032115779	0.0133444866512718	0.828737864504389	0.162550217607876	0.0087119178877341
