Place	P	T	L	V	x_N2	x_O2	x_Ar	y_N2	y_O2	y_Ar
Condenser	531.457142857143	-178.32236193936	1848.33522558806	6.0982083267799E-06	0.998662729523322	1.6559340296199E-05	0.00132071113638179	0.999285892471998	6.82004707463851E-06	0.000707287480927658
42__Main Tower	531.457142857143	-178.313903578833	1847.78450858005	3433.39283565516	0.997494373748623	4.01884708566709E-05	0.00246543778051996	0.998662729524429	1.65593402789005E-05	0.00132071113529226
41__Main Tower	532.076655052265	-178.290371089634	1847.59262413873	3481.48417709488	0.996331639465998	7.05699044547831E-05	0.00359779062954675	0.998042629132992	2.91004116093695E-05	0.0019282704553986
40__Main Tower	532.696167247387	-178.266861179865	1847.40018570058	3481.29229265356	0.995173772241293	0.000109584828978929	0.00471664292972761	0.997425572620023	4.5223845174264E-05	0.00252920353480334
39__Main Tower	533.315679442509	-178.243359934391	1847.20613028922	3481.09985421541	0.994019478643365	0.000159629101734337	0.00582089225490042	0.996811159445819	6.59274458387685E-05	0.00312291310834268
38__Main Tower	533.935191637631	-178.219847289258	1847.00885759021	3480.90579880405	0.992866793354283	0.000223751223129762	0.00690945542258705	0.996198703783522	9.24819178098192E-05	0.00370881429866837
37__Main Tower	534.554703832753	-178.196295474158	1846.80621205998	3480.70852610504	0.991712913251869	0.000305826324765453	0.00798126042336586	0.995587164488761	0.000126503979407472	0.00428633153183185
36__Main Tower	535.174216027875	-178.172667060752	1846.59538957105	3480.50588057481	0.99055399001454	0.000410775181830815	0.00903523480362903	0.994975057587304	0.000170048540467645	0.00485489387222839
35__Main Tower	535.793728222997	-178.148912518952	1846.37278035859	3480.29505808588	0.989384871024034	0.000544839318898523	0.0100702896570671	0.994360346898175	0.000225724696469715	0.00541392840535571
34__Main Tower	536.413240418119	-178.124967162025	1846.13375690753	3480.07244887342	0.988198776201795	0.000715925698672936	0.0110852980995321	0.993740307464323	0.000296841370963485	0.00596285116471353
33__Main Tower	537.032752613241	-178.100747336607	1845.87240645016	3479.83342542235	0.986986895926326	0.000934037259384405	0.0120790668142896	0.9931113553361	0.000387589698574869	0.00650105496532505
32__Main Tower	537.652264808362	-178.07614568574	1845.58120081738	3479.57207496498	0.985737892428905	0.00121180863496172	0.0130502989361333	0.992468835966638	0.000503270676582871	0.00702789335677951
31__Main Tower	538.271777003484	-178.051025283285	1845.2505916824	3479.28086933221	0.984437284227574	0.00156516958799746	0.0139975461844288	0.991806762081462	0.000650578182496794	0.00754265973604154
30__Main Tower	538.891289198606	-178.025212409084	1844.86851672592	3478.95026019723	0.983066690561596	0.00201416167274812	0.0149191477656563	0.991117490476535	0.000837949059054049	0.00804456046441127
29__Main Tower	539.510801393728	-177.998487710717	1844.41980111902	3478.56818524075	0.981602911011343	0.00258393580999152	0.0158131531786657	0.990391325965863	0.00107599341080114	0.00853268062333638
28__Main Tower	540.13031358885	-177.970575488052	1843.88543944797	3478.11946963385	0.980016815517324	0.00330595874670256	0.016677225735973	0.989616039972302	0.00137801918631792	0.00900594084138049
27__Main Tower	540.749825783972	-177.941130854549	1843.24174656751	3477.5851079628	0.978272023443846	0.0042194530769242	0.0175085234792297	0.98877629158733	0.00176066494278837	0.00946304346988153
26__Main Tower	541.369337979094	-177.909724596293	1842.45937397539	3476.94141508234	0.976323359658001	0.00537308593079968	0.0183035544111988	0.987852941207423	0.00224465244479164	0.00990240634778578
25__Main Tower	541.988850174216	-177.8758256989	1841.50220315992	3476.15904249022	0.974115094540125	0.00682690155831171	0.0190580039015628	0.986822252459383	0.00285566494735477	0.0103220825932621
24__Main Tower	542.608362369338	-177.838781792082	1840.32615346649	3475.20187167475	0.971579008738388	0.00865445704211895	0.0197665342194932	0.985654989090021	0.00362534543727322	0.010719665472706
23__Main Tower	543.22787456446	-177.797798238177	1838.87798435046	3474.02582198132	0.968632379500971	0.0109450604184705	0.0204225600805589	0.98431543268561	0.00459238861335154	0.011092178701039
22__Main Tower	543.847386759582	-177.751917349855	1837.09423573216	3472.57765286528	0.965176072395692	0.0138059168258305	0.0210180107784775	0.982760378291803	0.00580366679863134	0.0114359549095652
21__Main Tower	544.466898954704	-177.700000359862	1834.90054256729	3470.79390424699	0.961093049442911	0.0173638505614057	0.0215430999956834	0.980938212748074	0.0073152782645364	0.0117465089873896
20__Main Tower	545.086411149826	-177.640716366231	1832.21168208072	3468.60021108211	0.956247778623304	0.0217660815460123	0.0219861398306838	0.978788249282123	0.00919333156441364	0.0120184191534638
19__Main Tower	545.705923344948	-177.572544557672	1828.93285938619	3465.91135059554	0.950487247330013	0.0271792961707376	0.0223334564992494	0.976240584041532	0.0115141784753267	0.0122452374831409
18__Main Tower	546.32543554007	-177.493798438296	1824.96288315659	3462.63252790101	0.943644519225032	0.0337859901651305	0.0225694906098378	0.973216852235941	0.014363684407624	0.0124194633564349
17__Main Tower	546.944947735192	-177.402683049349	1820.19997308156	3458.66255167142	0.935545967113636	0.041776842096948	0.0226771907894163	0.969632377418082	0.0178349954900745	0.0125326270918436
16__Main Tower	547.564459930314	-177.297397342281	1814.55087152174	3453.89964159639	0.92602334289412	0.0513378307099066	0.0226388263959739	0.965400289627369	0.0220241662302124	0.0125755441424182
15__Main Tower	548.183972125436	-177.176292241261	1807.94355919579	3448.25054003657	0.914931521551526	0.0626311417805439	0.02243733666793	0.960438168755307	0.0270230243897536	0.0125388068549399
14__Main Tower	548.803484320558	-177.03808833448	1800.3430513931	3441.64322771062	0.902171852225656	0.0757698706686165	0.0220582771057273	0.95467754914972	0.032908879532887	0.012413571317393
13__Main Tower	549.42299651568	-176.882143479193	1791.76842371852	3434.04271990793	0.88771939924298	0.0907883040390398	0.0214922967179798	0.948076090209039	0.0397312509716094	0.0121926588193519
12__Main Tower	550.042508710802	-176.708739552849	1782.3076088978	3425.46809223334	0.87165005047068	0.107612073255686	0.020737876273634	0.940631315812201	0.0474967697926281	0.0118719143951705
11__Main Tower	550.662020905924	-176.519332833329	1772.12524711666	3416.00727741262	0.854161097856501	0.126035088888002	0.0198038132554971	0.932393648132598	0.0561547017858997	0.0114516500815026
10__Main Tower	551.281533101046	-176.316693511374	1761.45891723759	3405.82491563149	0.835577635753972	0.14571161584685	0.0187107483991776	0.923475367851505	0.0655867584397817	0.0109378737087134
9__Main Tower	551.901045296167	-176.10486041922	1750.60121638601	3395.15858575242	0.816338400270536	0.16617057036844	0.0174910293610245	0.914051750262972	0.075605327876117	0.0103429218609107
8__Main Tower	552.520557491289	-175.888868536064	1739.86922967618	3384.30088490084	0.796959233047646	0.186854259108682	0.0161865078436712	0.904351613751419	0.0859632359821237	0.00968515026645756
7__Main Tower	553.140069686411	-175.67426772884	1729.5674478838	3373.56889819101	0.777979215222983	0.207176343537657	0.0148444412393599	0.894637076684142	0.096375393139346	0.00898753017651158
6__Main Tower	553.759581881533	-175.466520989943	866.481979476022	3363.26711639863	0.759900824473494	0.226586869617697	0.0135123059088095	0.885175751116647	0.106548930055469	0.00827531882788431
5__Main Tower	554.379094076655	-175.270408207144	862.052747713074	3353.66495115931	0.743137158619192	0.244630095340184	0.012232746040624	0.876210966010706	0.116215724561123	0.00757330942817095
4__Main Tower	554.998606271777	-175.172047533474	2235.8878564208	3349.23571939636	0.735506249842649	0.252864972943894	0.0116287772134571	0.872050016825348	0.120713871061542	0.00723611211311056
3__Main Tower	555.618118466899	-174.814067432096	2215.62698634742	3228.35421393437	0.703832238245969	0.283599037743998	0.0125687240100332	0.853978287674978	0.13804239716074	0.00797931516428202
2__Main Tower	556.237630662021	-174.403656316073	2193.5531028881	3208.093343861	0.668328655701106	0.318429195818	0.0132421484808941	0.832851268904363	0.15854330253735	0.00860542855828675
1__Main Tower	556.857142857143	-173.955161384394	2239.3716432895	3186.01946040167	0.630628820553294	0.355813217203084	0.0135579622436216	0.809301179665837	0.181657202658712	0.00904161767545111
