Place	P	T	L	V	x_N2	x_O2	x_Ar	y_N2	y_O2	y_Ar
Condenser	534.314285714286	-178.252597533624	1846.85855130995	5.2332797334249E-06	0.99862644640738	1.79966154228183E-05	0.00135555697719703	0.999265910467217	7.42322588398179E-06	0.000726666306899176
42__Main Tower	534.314285714286	-178.243911826544	1846.29662331557	3431.91448669172	0.997428421158855	4.36100961882756E-05	0.00252796874495636	0.998626446408355	1.7996615406695E-05	0.00135555697623805
41__Main Tower	534.933797909408	-178.220219898062	1846.09322504848	3479.99454018444	0.996237430111627	7.64795530908425E-05	0.00368609033528217	0.997990839097638	3.15857410511585E-05	0.0019775751613109
40__Main Tower	535.55331010453	-178.196558316164	1845.88970823628	3479.79114191735	0.995052607308544	0.000118607468420827	0.00482878522303493	0.997359029308233	4.90228898601588E-05	0.00259194780190672
39__Main Tower	536.172822299652	-178.172911836314	1845.68481196713	3479.58762510515	0.993872514540654	0.000172538774803499	0.00595494668454281	0.996730557147273	7.13697613352357E-05	0.00319807309139208
38__Main Tower	536.792334494774	-178.149258710946	1845.47683291809	3479.38272883601	0.992695003410091	0.000241504744576503	0.00706349184533215	0.996104660066535	9.99755578247173E-05	0.00379536437563986
37__Main Tower	537.411846689895	-178.125569070306	1845.26351872103	3479.17474978696	0.991517043258525	0.000329604002581156	0.00815335273889405	0.995480200121663	0.00013655319965048	0.00438324667868614
36__Main Tower	538.031358885017	-178.101802898078	1845.04193131787	3478.9614355899	0.990334506539244	0.000442029812390558	0.00922346364836553	0.994855573257461	0.000183275177510025	0.00496115156502873
35__Main Tower	538.650871080139	-178.077907502977	1844.80827461055	3478.73984818674	0.989141901356043	0.000585354830144055	0.0102727438138129	0.994228596205027	0.000242893866370724	0.00552850992860279
34__Main Tower	539.270383275261	-178.05381436622	1844.55767878171	3478.50619147942	0.98793203873759	0.000767886901741833	0.0113000743606678	0.993596365612616	0.000318892192867439	0.00608474219451671
33__Main Tower	539.889895470383	-178.029435220441	1844.2839320623	3478.25559565058	0.986695619787795	0.00100011217759359	0.0123042680346118	0.99295508292029	0.00041567178557049	0.00662924529413926
32__Main Tower	540.509407665505	-178.004657188733	1843.97914879469	3477.98184893117	0.985420725235787	0.00129524474976189	0.0132840300144516	0.992299837246355	0.000538787128242892	0.00716137562540262
31__Main Tower	541.128919860627	-177.979336784643	1843.63336122515	3477.67706566356	0.984092187293884	0.00166990498340476	0.0142379077227109	0.991624337234493	0.000695235727344977	0.0076804270381618
30__Main Tower	541.748432055749	-177.953292547888	1843.2340211036	3477.33127809402	0.982690821478948	0.00214495133808751	0.015164227182964	0.990920581525382	0.000893815780547538	0.00818560269407025
29__Main Tower	542.367944250871	-177.926296071615	1842.76539691565	3476.93193797247	0.981192494797903	0.00274649208023165	0.0160610131218655	0.990178456473655	0.00114556407318347	0.00867597945316128
28__Main Tower	542.987456445993	-177.898061174244	1842.20785369601	3476.46331378452	0.979567007499086	0.00350710274471648	0.016925889756198	0.989385249289992	0.00146428745019114	0.00915046325981729
27__Main Tower	543.606968641115	-177.868230996705	1841.53700657253	3475.90577056488	0.977776770136297	0.00446727069650715	0.0177559591671963	0.988525065542041	0.0018672005749027	0.00960773388305619
26__Main Tower	544.226480836237	-177.83636288715	1840.72274792995	3475.2349234414	0.975775268572974	0.00567707687276942	0.0185476545542562	0.987578142833462	0.00237567978020033	0.0100461773863379
25__Main Tower	544.845993031359	-177.801911103873	1839.72816434215	3474.42066479882	0.973505330590644	0.00719810260685162	0.0192965668025042	0.98652005892254	0.00301613609448507	0.0104638049829747
24__Main Tower	545.465505226481	-177.764207672298	1838.5083869725	3473.42608121102	0.970897244324442	0.00910551049753455	0.0199972451780235	0.985320844617161	0.00382099771764629	0.010858157665193
23__Main Tower	546.085017421603	-177.72244223961	1837.00946245802	3472.20630384137	0.967866837890174	0.0114901848461147	0.0206429772637115	0.983944032365984	0.00482977017578169	0.0112261974582339
22__Main Tower	546.704529616725	-177.675642563385	1835.16739676199	3470.70737932688	0.964313719702739	0.0144607199407477	0.0212255603565131	0.982345704262193	0.00609010700431754	0.0115641887334892
21__Main Tower	547.324041811847	-177.622658437591	1832.90761548599	3468.86531363086	0.960120008397225	0.0181449041088687	0.0217350874939067	0.98047365243999	0.00765877034707613	0.011867577212934
20__Main Tower	547.943554006969	-177.5621534689	1830.14520410378	3466.60553235485	0.95515005452104	0.0226901584931004	0.0221597869858594	0.978266834443479	0.00960228489968032	0.0121308806568411
19__Main Tower	548.563066202091	-177.492611158897	1826.7864291331	3463.84312097265	0.949251866991442	0.0282621579318965	0.0224859750766619	0.975655397396135	0.0119969884109256	0.0123476141929396
18__Main Tower	549.182578397213	-177.41236403363	1822.73217422937	3460.48434600197	0.942261176696905	0.0350406175706669	0.0226982057324285	0.97256165240766	0.0149280627900423	0.0125102848022976
17__Main Tower	549.802090592335	-177.319656567893	1817.88399130803	3456.43009109824	0.934009229119173	0.0432110460155545	0.0227797248652728	0.968902486165395	0.0184870112803841	0.0126105025542211
16__Main Tower	550.421602787457	-177.212753342585	1812.1533718835	3451.5819081769	0.924335372795163	0.0529512785934967	0.0227133486113398	0.964593759948621	0.0227669723399172	0.0126392677114621
15__Main Tower	551.041114982579	-177.090101594632	1805.47444928509	3445.85128875237	0.913105116095835	0.0644120138777281	0.0224828700264369	0.959557198125173	0.0278553051302953	0.0125874967445318
14__Main Tower	551.6606271777	-176.950549972982	1797.81951523536	3439.17236615396	0.900233351769487	0.0776916142261722	0.0220750340043409	0.953730011944677	0.0338231510176941	0.0124468370376291
13__Main Tower	552.280139372822	-176.793611137955	1789.21544122167	3431.51743210422	0.885710770680982	0.0928072422267481	0.0214819870922702	0.947076941210043	0.0407122807979886	0.0122107779919684
12__Main Tower	552.899651567944	-176.619735023919	1779.75755907633	3422.91335809054	0.869629253488128	0.109666839530703	0.0207039069811694	0.939603488644009	0.0485205246255536	0.0118759867304375
11__Main Tower	553.519163763066	-176.430536429226	1769.61638524285	3413.45547594519	0.85219988301065	0.12804882974229	0.0197512872470595	0.931367995019289	0.0571883210557465	0.0114436839249643
10__Main Tower	554.138675958188	-176.228904811829	1759.03269139577	3403.31430211172	0.833756332473443	0.147597474504743	0.0186461930218144	0.922489239315611	0.0665900026088041	0.0109207580755851
9__Main Tower	554.75818815331	-176.018928834642	1748.29859435631	3392.73060826464	0.814738052281999	0.167840105194711	0.0174218425232904	0.913146060922578	0.0765336874144513	0.0103202516629703
8__Main Tower	555.377700348432	-175.805602723191	1737.72644822701	3381.99651122518	0.795652409187434	0.188227394001759	0.0161201968108067	0.903566673312587	0.0867724197962838	0.00966090689112961
7__Main Tower	555.997212543554	-175.594341928102	1727.61188669808	3371.42436509588	0.777021529025854	0.208190663376416	0.0147878075977307	0.894007948531902	0.0970263860157726	0.00896566545232579
6__Main Tower	556.616724738676	-175.390400189765	864.706726395151	3361.30980356695	0.7593252058908	0.227204033082152	0.0134707610270477	0.884728200845663	0.10701247037688	0.0082593287774573
5__Main Tower	557.236236933798	-175.19831786183	860.370042923708	3351.89798007549	0.742952895290814	0.24483723084146	0.0122098738677259	0.875959405518398	0.116474721890799	0.00756587259080286
4__Main Tower	557.85574912892	-175.102099801964	2235.38831940578	3347.56129660405	0.735522232508248	0.252860902038442	0.01161686545331	0.871902589596396	0.120863253074474	0.00723415732912974
3__Main Tower	558.475261324042	-174.74430467551	2215.14337439988	3227.8629589164	0.703889642049593	0.283553814802249	0.0125565431481581	0.853836754088967	0.138186072712859	0.00797717319817405
2__Main Tower	559.094773519164	-174.334486832174	2193.10614215705	3207.6180139105	0.668464495098903	0.318305043375837	0.0132304615252603	0.832738402635238	0.158658465763323	0.00860313160143877
1__Main Tower	559.714285714286	-173.886992464909	2239.36336129245	3185.58078166767	0.630874385824988	0.355577248531856	0.0135483656431554	0.809241388296784	0.181718871401808	0.00903974030140733
