Place	P	T	L	V	x_N2	x_O2	x_Ar	y_N2	y_O2	y_Ar
Condenser	537.171428571429	-178.193265102189	2206.62864235896	3.52460640693475E-06	0.999993800259262	9.03515972292187E-09	6.19070557791866E-06	0.999996675526173	3.73040980557388E-09	3.32074341693667E-06
42__Main Tower	537.171428571429	-178.193226424777	2206.49004042035	3439.20180551524	0.999988437090528	2.18833713704927E-08	1.15410261007398E-05	0.999993800259265	9.03515971748539E-09	6.19070557497743E-06
41__Main Tower	537.790940766551	-178.178207162406	2206.79129266713	3476.8869750226	0.999982091276151	4.16182333056039E-08	1.78671056153349E-05	0.99999039670359	1.71888475541148E-08	9.58610756286755E-06
40__Main Tower	538.410452961672	-178.163193024504	2207.13232187802	3477.18822726937	0.999974582971267	7.1921048732295E-08	2.53451076838931E-05	0.999986369174065	2.97139491217225E-08	1.36011119861667E-05
39__Main Tower	539.029965156794	-178.14818103328	2207.53887850606	3477.52925648026	0.999965698656536	1.18437052470328E-07	3.41829064117498E-05	0.99998160335326	4.89478298881185E-08	1.83476989102788E-05
38__Main Tower	539.649477351916	-178.133169759688	2208.02886400723	3477.9358131083	0.999955184235722	1.8982195218196E-07	4.46259423253181E-05	0.999975963420433	7.84754670146497E-08	2.39581040999112E-05
37__Main Tower	540.268989547038	-178.118156955666	2208.61040680224	3478.42579860947	0.999942736536369	2.99345463195281E-07	5.69641181678851E-05	0.999969287649388	1.23794674248578E-07	3.05885559379604E-05
36__Main Tower	540.88850174216	-178.103139926694	2209.26944525097	3479.00734140448	0.99992799273456	4.67347957219448E-07	7.15399174832372E-05	0.999961383003788	1.93335534660682E-07	3.84236606769919E-05
35__Main Tower	541.508013937282	-178.088115429126	2209.9715565431	3479.66637985321	0.999910517221443	7.25001851498888E-07	8.87577767054207E-05	0.999952018508453	3.0002180882242E-07	4.76814697383364E-05
34__Main Tower	542.127526132404	-178.073079538882	2210.66450376684	3480.36849114534	0.999889785061038	1.12006758629661E-06	0.000109094871375499	0.999940917024288	4.63661165062242E-07	5.86193145464406E-05
33__Main Tower	542.747038327526	-178.058027480872	2211.29043007291	3481.06143836908	0.999865160855391	1.72569547312133E-06	0.000133113449136019	0.999927744916481	7.14601548431131E-07	7.15404819710647E-05
32__Main Tower	543.366550522648	-178.042953401849	2211.80300995384	3481.68736467515	0.999835871064126	2.65387701059198E-06	0.000161475058863697	0.999912098758551	1.09932102547846E-06	8.68019204233347E-05
31__Main Tower	543.98606271777	-178.027850059926	2212.1820665715	3482.19994455609	0.999800966743151	4.075993148038E-06	0.000194957263700997	0.999893487734217	1.68897004563624E-06	0.000104823295737752
30__Main Tower	544.605574912892	-178.012708390719	2212.43874278142	3482.57900117374	0.999759272188859	6.25419697704318E-06	0.000234473614163996	0.999871309758395	2.59242279405919E-06	0.000126097818811339
29__Main Tower	545.225087108014	-177.997516891718	2212.60935603669	3482.83567738367	0.99970931297539	9.58933777792872E-06	0.000281097686831698	0.999844818499201	3.97621571012407E-06	0.000151205285088557
28__Main Tower	545.844599303136	-177.982260739741	2212.74152919269	3483.00629063893	0.999649213995597	1.46941348231302E-05	0.000336091869579743	0.999813077293688	6.09500384248332E-06	0.000180827702469506
27__Main Tower	546.464111498258	-177.966920515531	2212.87885684525	3483.13846379493	0.999576553733596	2.25048758638773E-05	0.000400941390539926	0.999774894136547	9.33807281449734E-06	0.000215767790638811
26__Main Tower	547.08362369338	-177.951470346473	2213.04955911474	3483.27579144749	0.999488154188031	3.44518529286024E-05	0.00047739395904083	0.999728729082011	1.43003440429844E-05	0.000256970573945556
25__Main Tower	547.703135888502	-177.935875181337	2213.26171242796	3483.44649371698	0.999379775352111	5.27192745826782E-05	0.000567505373305825	0.999672560987462	2.18907155057687E-05	0.000305548297032293
24__Main Tower	548.322648083624	-177.920086762971	2213.50465570955	3483.6586470302	0.999245667129591	8.0641342717444E-05	0.000673691527691411	0.999603693777784	3.34972630798644E-05	0.000362808959135928
23__Main Tower	548.942160278746	-177.904037641208	2213.75430425379	3483.90159031179	0.999077907377586	0.000123305300610037	0.000798787321804061	0.999518472204586	5.12389518358791E-05	0.000430288843578341
22__Main Tower	549.561672473868	-177.887632231755	2213.97960954035	3484.15123885603	0.998865418484537	0.000188468634099094	0.000946112881364325	0.999411861741088	7.8348814241371E-05	0.000509789444670969
21__Main Tower	550.18118466899	-177.870733422626	2214.14789217142	3484.37654414259	0.998592500708827	0.000287952252162693	0.00111954703901049	0.999276824292584	0.000119756629596757	0.000603419077819688
20__Main Tower	550.800696864112	-177.85314247729	2214.22765595708	3484.54482677366	0.998236640020443	0.000439753085828326	0.00132360689372905	0.999103387134986	0.000182973783408484	0.000713639081605177
19__Main Tower	551.420209059234	-177.834568869213	2214.1896371324	3484.62459055932	0.997765229644214	0.000671240368768799	0.00156352998701767	0.998877251633831	0.000279434670039004	0.000843313696129777
18__Main Tower	552.039721254356	-177.814585044881	2213.99713442899	3484.58657173464	0.997130671664303	0.00102397655871882	0.00184535177697838	0.998577713197034	0.000426525476177834	0.000995761326788327
17__Main Tower	552.659233449477	-177.792558795364	2213.60978095687	3484.39406903123	0.996263084366352	0.00156095479026882	0.00217596084337909	0.998174557550445	0.000650641861985333	0.00117480058756979
16__Main Tower	553.278745644599	-177.7675525628	2212.96430036954	3484.00671555911	0.995059496801105	0.00237739580139048	0.00256310739750449	0.997623440537042	0.000991776581307546	0.00138478288165063
15__Main Tower	553.898257839721	-177.738174781295	2211.96298663501	3483.36123497178	0.993367999487219	0.00361669299233284	0.00301530752044778	0.99685905865094	0.00151035254734566	0.00163058880171396
14__Main Tower	554.517770034843	-177.702363072064	2210.45301041203	3482.35992123725	0.99096483714813	0.00549360884865892	0.00354155400321103	0.995785152561709	0.00229729341373173	0.00191755402455906
13__Main Tower	555.137282229965	-177.65707429623	2208.1998105075	3480.84994501426	0.987522096560873	0.00832722707980763	0.00415067635931963	0.994260114807387	0.00348862372340319	0.00225126146921035
12__Main Tower	555.756794425087	-177.597855460396	2204.85360746134	3478.59674510974	0.982563914702655	0.0125859894215041	0.00485009587584094	0.992076810805916	0.00528609496452088	0.00263709422956329
11__Main Tower	556.376306620209	-177.518280984838	2199.91117714144	3475.25054206358	0.975411122102266	0.0189452888037649	0.00564358909396923	0.98893550515738	0.00798511512244378	0.00307937972017572
10__Main Tower	556.995818815331	-177.409284265144	2192.68119443526	3470.30811174368	0.965120166367686	0.0283522958516526	0.00652753778066094	0.984410253582635	0.0120098742618196	0.00357987215554566
9__Main Tower	557.615331010453	-177.25851841219	2182.27373442756	3463.0781290375	0.950435791481688	0.0420790821378899	0.00748512638042244	0.977913223856869	0.017951531872745	0.00413524427038558
8__Main Tower	558.234843205575	-177.050099862739	2167.65404613598	3452.6706690298	0.92980266808388	0.0617189698575892	0.00847836205853064	0.968670470798416	0.0265962485273407	0.00473328067424338
7__Main Tower	558.854355400697	-176.765445961977	2147.82105356507	3438.05098073822	0.901518274031624	0.0890424943797039	0.00943923158867167	0.955739048798261	0.0389131478744567	0.0053478033272825
6__Main Tower	559.473867595819	-176.386300470115	1458.15782706252	3418.21798816731	0.864135819027156	0.125599758219174	0.0102644227536707	0.938117170616338	0.0559494321985752	0.00593339718508666
5__Main Tower	560.093379790941	-175.901040236905	1436.40956071502	3392.43660819625	0.81717595969471	0.172001896415936	0.010822143889354	0.91501180665255	0.0785652650868113	0.00642292826063878
4__Main Tower	560.712891986063	-175.492221312698	2815.86771705477	3370.68834184875	0.778995299191204	0.210072558163826	0.0109321426449697	0.89532825253642	0.098035933865192	0.00663581359838788
3__Main Tower	561.332404181185	-175.210889988123	2794.9173501091	3255.42988401878	0.753568942367221	0.234631942375529	0.0117991152572507	0.881597280230854	0.111130273998148	0.00727244577099773
2__Main Tower	561.951916376307	-174.787214395851	2764.17482943577	3234.47951707311	0.715523207774139	0.271804172756623	0.0126726194692379	0.860290910435802	0.131711196378453	0.00799789318574502
1__Main Tower	562.571428571429	-174.174477796294	2792.27583383905	3203.73699639978	0.661903372892422	0.324763681996746	0.0133329451108327	0.828489248896657	0.162795676947173	0.00871507415616984
