Place	P	T	L	V	x_N2	x_O2	x_Ar	y_N2	y_O2	y_Ar
Condenser	537.171428571429	-178.167173902499	1753.49775915825	2.22870179595787E-09	0.99652260311723	0.00054218313290258	0.00293521374986735	0.998199832720566	0.000224163347142748	0.00157600393229093
42__Main Tower	537.171428571429	-178.141891260553	1752.0226249266	3426.62982012331	0.993229109169058	0.0013096361547213	0.00546125467622069	0.996522603117231	0.000542183132902373	0.00293521374986646
41__Main Tower	537.790940766551	-178.101292544443	1750.85698551569	3476.49951978372	0.989939739445298	0.00224013682189761	0.00782012373280388	0.994862808292172	0.000928950066176201	0.0042082416416514
40__Main Tower	538.410452961672	-178.060063852494	1749.6434338418	3475.33388037281	0.986620743616494	0.00336458725255924	0.0100146691309463	0.993206187129176	0.00139760427509783	0.00539620859572636
39__Main Tower	539.029965156794	-178.017851063156	1748.36022916896	3474.12032869892	0.983233388449976	0.00471897804054872	0.0120476335094751	0.991535808815615	0.00196360794505179	0.00650058323933364
38__Main Tower	539.649477351916	-177.974247553846	1746.98248422079	3472.83712402608	0.979733597198612	0.00634492416251756	0.0139214786388707	0.989832299607063	0.00264494287691769	0.00752275751601973
37__Main Tower	540.268989547038	-177.928790442626	1745.4819530096	3471.45937907791	0.976071654558161	0.00829012378361572	0.0156382216582236	0.98807367830939	0.00346236333155397	0.00846395835905638
36__Main Tower	540.88850174216	-177.880957902522	1743.82686506153	3469.95884786672	0.972192045368915	0.0106086649177665	0.0171992897133189	0.986235229924397	0.00443960416056774	0.0093251659150357
35__Main Tower	541.508013937282	-177.83016839666	1741.98189454322	3468.30375991865	0.968033520863836	0.013361076914591	0.0186054022215729	0.984289453087593	0.00560350491675616	0.010107041995651
34__Main Tower	542.127526132404	-177.775782965118	1739.90835960119	3466.45878940034	0.963529514961461	0.0166139918678455	0.0198564931706935	0.982206129594074	0.00698399658934816	0.0108098738165777
33__Main Tower	542.747038327526	-177.717111995162	1737.56475537754	3464.38525445831	0.95860906201602	0.0204392484432485	0.020951689540732	0.979952578228282	0.00861388195330709	0.0114335398184106
32__Main Tower	543.366550522648	-177.65342817989	1734.90773792241	3462.04165023466	0.953198390959558	0.0249122434878984	0.0218893655525433	0.977494168619756	0.0105283251009976	0.0119775062792464
31__Main Tower	543.98606271777	-177.583987536047	1731.8936875263	3459.38463277952	0.947223379514492	0.0301093254024753	0.0226672950830333	0.974795180789132	0.01276395398859	0.012440865222278
30__Main Tower	544.605574912892	-177.508060287076	1728.48097508546	3456.37058238342	0.940613032449039	0.0361040426882819	0.0232829248626787	0.971820097375311	0.0153574773365563	0.0128224252881328
29__Main Tower	545.225087108014	-177.424972957767	1724.6330140595	3452.95786994258	0.933304082424037	0.0429621305022089	0.0237337870737538	0.9685354011689	0.0183437318327006	0.0131208669983998
28__Main Tower	545.844599303136	-177.334161987806	1720.32208162052	3449.10990891662	0.925246683054476	0.0507352575126191	0.0240180594329045	0.964911912021067	0.0217531168577576	0.0133349711211758
27__Main Tower	546.464111498258	-177.235237401661	1715.53373215609	3444.79897647764	0.916410959764809	0.0594537785222644	0.0241352617129261	0.960927626455588	0.0256084510891649	0.0134639224552471
26__Main Tower	547.08362369338	-177.128052545737	1710.27140661738	3440.01062701321	0.906793909850113	0.0691190409141582	0.0240870492357292	0.956570916506058	0.0299214031597111	0.0135076803342305
25__Main Tower	547.703135888502	-177.012772845999	1704.56059884585	3434.7483014745	0.896425833405723	0.0796961383344722	0.0238780282598051	0.951843807182748	0.0346888013781459	0.0134673914391064
24__Main Tower	548.322648083624	-176.889933540261	1698.40627706728	3429.03749370297	0.885375204865583	0.0911083133406371	0.0235164817937802	0.946764905793913	0.0398892924973159	0.0133458017087712
23__Main Tower	548.942160278746	-176.760671240763	1691.5515490302	3422.8831719244	0.873761165825544	0.103225283951414	0.0230135502230418	0.941372184774392	0.045480346753611	0.0131474684719969
22__Main Tower	549.561672473868	-176.626197572599	1684.61484690445	3416.02844388732	0.86173748875182	0.115876842638817	0.0223856686093634	0.935733501731524	0.0513888786747932	0.0128776195936827
21__Main Tower	550.18118466899	-176.488288060844	1677.66376515028	3409.09174176156	0.849480150998755	0.128864945362851	0.0216549036383946	0.929918057976901	0.0575352166104746	0.012546725412624
20__Main Tower	550.800696864112	-176.348892497059	1670.78829633804	3402.1406600074	0.837187002271883	0.141967078745825	0.0208459189822912	0.924013022088481	0.0638207097875618	0.0121662681239569
19__Main Tower	551.420209059234	-176.210108865579	1664.10153662501	3395.26519119516	0.825064302500419	0.154950889572118	0.0199848079274629	0.918114572494832	0.0701364702046949	0.0117489573004727
18__Main Tower	552.039721254356	-176.074030880181	1657.71662437744	3388.57843148213	0.81331131841711	0.167590984113637	0.0190976974692531	0.912320915804139	0.0763709623243555	0.0113081218715061
17__Main Tower	552.659233449477	-175.94259846212	1651.73191595671	3382.19351923456	0.802106212329935	0.179684560480798	0.018209227189267	0.906725141590053	0.0824179164087301	0.0108569420012171
16__Main Tower	553.278745644599	-175.817471575857	1646.22224823898	3376.20881081383	0.791595080836213	0.191063729543439	0.0173411896203477	0.901408889587445	0.0881834395676766	0.0104076708448785
15__Main Tower	553.898257839721	-175.699943050529	1641.23521884393	3370.6991430961	0.781885345440055	0.201603115011922	0.0165115395480234	0.896437655712039	0.093591368229212	0.00997097605874914
14__Main Tower	554.517770034843	-175.590897615172	1636.7915201569	3365.71211370104	0.773043791364452	0.211222333825111	0.0157338748104371	0.891858206794727	0.0985863031840852	0.00955549002118756
13__Main Tower	555.137282229965	-175.490815308317	1632.88819061519	3361.26841501402	0.765098703027739	0.219883911095701	0.0150173858765599	0.887698141976968	0.103134253012852	0.00916760501018044
12__Main Tower	555.756794425087	-175.399810353112	1629.50355321023	3357.36508547231	0.758044981880322	0.227587827302595	0.0143671908170823	0.883967267649722	0.107221232977491	0.00881149937278696
11__Main Tower	556.376306620209	-175.317692956589	1626.60918565303	3353.98044806735	0.751850934843149	0.234364135596083	0.0137849295607681	0.880660230875143	0.110850424234489	0.00848934489036809
10__Main Tower	556.995818815331	-175.244067208556	1624.16753303144	3351.08608051015	0.746464137394675	0.24026633423894	0.0132695283663845	0.87775955927949	0.114038800810368	0.00820163991014262
9__Main Tower	557.615331010453	-175.178262434884	1622.10328907722	3348.64442788856	0.74182195803116	0.245360234688181	0.012817807280659	0.875238647734034	0.116813764512909	0.00794758775305757
8__Main Tower	558.234843205575	-175.119671795025	1620.3797592662	3346.58018393434	0.737855184465632	0.249719555520614	0.0124252600137534	0.873067992315558	0.119206653973827	0.00772535371061418
7__Main Tower	558.854355400697	-175.067576787245	1618.95900474123	3344.85665412332	0.734491870751481	0.253421487117573	0.0120866421309465	0.871213959756387	0.12125347585346	0.00753256439015306
6__Main Tower	559.473867595819	-175.021250452132	716.918901384519	3343.43589959835	0.731661034919747	0.256542568313866	0.011796396766387	0.869642044786972	0.122991435516613	0.00736651969641455
5__Main Tower	560.093379790941	-174.979990993355	716.464278332875	3342.27828734693	0.729295374010483	0.259155656877034	0.0115489691124826	0.868318612603007	0.124456993336348	0.00722439406064541
4__Main Tower	560.712891986063	-174.955637572425	2091.47461003438	3341.82366429529	0.728462712651907	0.260082268639238	0.0114550187088553	0.867830021936604	0.124999252787023	0.00717072527637273
3__Main Tower	561.332404181185	-174.573097503686	2071.39894736226	3222.11738182707	0.694775644526546	0.292744990262857	0.0124793652105967	0.848367405449028	0.143651508049873	0.00798108650109915
2__Main Tower	561.951916376307	-174.166528524659	2051.22644455346	3202.04171915496	0.659909798173024	0.326916256581044	0.0131739452459327	0.827327020220389	0.164051024434732	0.00862195534487993
1__Main Tower	562.571428571429	-173.755135951315	2101.19522901037	3181.86921634615	0.625676803331555	0.360824872942084	0.0134983237263609	0.80569072772291	0.185264003705485	0.00904526857160519
