Place	P	T	L	V	x_N2	x_O2	x_Ar	y_N2	y_O2	y_Ar
Condenser	537.171428571429	-178.193113863871	2118.11062178544	8.5550194385827E-05	0.999972837537934	4.93020660412549E-08	2.71131599995408E-05	0.999985435858667	2.03558545060128E-08	1.45437854786408E-05
42__Main Tower	537.171428571429	-178.192944272134	2118.02130845931	3439.78260157616	0.999949335335175	1.19408977733837E-07	5.05452558470025E-05	0.999972837538248	4.9302065321339E-08	2.71131596869302E-05
41__Main Tower	537.790940766551	-178.177778679062	2118.3344594543	3480.25279190473	0.999922664173762	2.22670906263363E-07	7.71131553316388E-05	0.999958534506481	9.19679122335205E-08	4.13735256069572E-05
40__Main Tower	538.410452961672	-178.162599563971	2118.64230693563	3480.56594289971	0.999892396411083	3.74715646774627E-07	0.000107228873270312	0.999942301134681	1.54817431058761E-07	5.75440478879354E-05
39__Main Tower	539.029965156794	-178.147403314035	2118.94636512526	3480.87379038104	0.999858043749576	5.98516278277832E-07	0.000141357734146166	0.99992387685055	2.47365833475957E-07	7.58757836162987E-05
38__Main Tower	539.649477351916	-178.132185780228	2119.247452563	3481.17784857067	0.99981904699	9.27833586839421E-07	0.000180025176413614	0.999902964095648	3.83601405750685E-07	9.6652302946425E-05
37__Main Tower	540.268989547038	-178.116942175256	2119.5458259971	3481.47893600841	0.999774763345874	1.41226682290233E-06	0.000223824387303034	0.999879222085467	5.84082175059199E-07	0.00012019383235752
36__Main Tower	540.88850174216	-178.101666943055	2119.84134780238	3481.77730944252	0.999724450474128	2.12466171510962E-06	0.000273424864156377	0.999852259083709	8.79012297952394E-07	0.000146861903992778
35__Main Tower	541.508013937282	-178.086353588952	2120.13361462426	3482.0728312478	0.999667246018011	3.17197212081974E-06	0.000329582009867924	0.999821622674679	1.31275444235863E-06	0.0001770645708792
34__Main Tower	542.127526132404	-178.070994454919	2120.42203468121	3482.36509806968	0.999602140941692	4.7111796435509E-06	0.000393147878664426	0.999786787300697	1.9504461338131E-06	0.000211262253169058
33__Main Tower	542.747038327526	-178.055580417373	2120.70586007258	3482.65351812662	0.999527944186997	6.97261772498591E-06	0.000465083195278355	0.999747138017246	2.887697526394E-06	0.000249974285227086
32__Main Tower	543.366550522648	-178.040100475033	2120.9841830816	3482.93734351799	0.999443235094632	1.02941304744699E-05	0.000546470774893557	0.999701948962489	4.26480026151568E-06	0.000293786237249282
31__Main Tower	543.98606271777	-178.024541179713	2121.25590233793	3483.21566652701	0.999346298450997	1.51710779402369E-05	0.000638530471063057	0.999650354375244	6.28753738950085E-06	0.000343358087366761
30__Main Tower	544.605574912892	-178.008885841744	2121.51965986093	3483.48738578335	0.999235034724181	2.23295053283264E-05	0.000742635770490974	0.999591309032751	9.25764783338207E-06	0.000399433319415138
29__Main Tower	545.225087108014	-177.99311341086	2121.7737448054	3483.75114330635	0.999106834716535	3.28331523466026E-05	0.000860332131118609	0.999523533581078	1.36174036036468E-05	0.000462849015317813
28__Main Tower	545.844599303136	-177.977196888577	2122.01595382173	3484.00522825082	0.998958403021172	4.82398652822381E-05	0.000993357113545542	0.999445438200705	2.00148039006478E-05	0.00053454699539416
27__Main Tower	546.464111498258	-177.961101063078	2122.24339102502	3484.24743726715	0.998785507657841	7.08300727509499E-05	0.00114366226940836	0.999355015105302	2.93988662996672E-05	0.000615586028398525
26__Main Tower	547.08362369338	-177.944779263451	2122.45218157827	3484.47487447044	0.998582623124998	0.000103940277185323	0.00131343659781635	0.999249686107466	4.31588173321052E-05	0.000707155075202009
25__Main Tower	547.703135888502	-177.92816869401	2122.63706068871	3484.68366502368	0.998342419485257	0.000152449394945168	0.00150513111979794	0.99912608532277	6.33272486409162E-05	0.000810587428589427
24__Main Tower	548.322648083624	-177.911183713458	2122.79078262508	3484.86854413413	0.998055029099856	0.000223487218204319	0.0017214836819396	0.998979748203829	9.28763574049415E-05	0.000927375438765963
23__Main Tower	548.942160278746	-177.893706142616	2122.90327050572	3485.0222660705	0.997706992619204	0.000327465008435689	0.00196554237236014	0.998804665353286	0.000136149422137753	0.00105918522457591
22__Main Tower	549.561672473868	-177.875571284141	2122.96039428836	3485.13475395114	0.997279743283109	0.000479571981485776	0.00224068473540529	0.998592641382854	0.000199488326074094	0.00120787029107196
21__Main Tower	550.18118466899	-177.856547772789	2122.94221862137	3485.19187773378	0.99674742890798	0.000701943072293586	0.00255062801972652	0.998332373356747	0.000292144455584699	0.00137548218766886
20__Main Tower	550.800696864112	-177.836308588614	2122.82050143251	3485.17370206679	0.996073788626469	0.00102678883675966	0.0028994225367709	0.998008127386562	0.000427597552219893	0.00156427506121778
19__Main Tower	551.420209059234	-177.814389494231	2122.55514636856	3485.05198487792	0.995207690792313	0.00150089406162134	0.00329141514606577	0.997597842559331	0.000625458547992321	0.00177669889267625
18__Main Tower	552.039721254356	-177.790129745709	2122.08922133862	3484.78662981398	0.994076795814828	0.00219204231195365	0.00373116187321849	0.997070425476175	0.000914201618032066	0.00201537290579289
17__Main Tower	552.659233449477	-177.762588169741	2121.34206639584	3484.32070478403	0.992578636962687	0.00319810682824163	0.00422325620907108	0.996381914758956	0.00133505980587611	0.00228302543516834
16__Main Tower	553.278745644599	-177.730425738486	2120.19996704387	3483.57354984125	0.990568237135951	0.00465974209144104	0.00477202077260801	0.995470096745433	0.00194752475047066	0.00258237850409643
15__Main Tower	553.898257839721	-177.691744098711	2118.50395748369	3482.43145048929	0.987841269156251	0.00677774821898347	0.00538098262476528	0.994247058367621	0.00283699832430073	0.00291594330807819
14__Main Tower	554.517770034843	-177.643869365583	2116.03472787144	3480.73544092911	0.98411188380826	0.00983610069760671	0.0060520154941333	0.992589117613754	0.004125206821733	0.00328567556451304
13__Main Tower	555.137282229965	-177.583074594336	2112.4956717867	3478.26621131686	0.978985014129881	0.0142309971956322	0.00678398867448654	0.99032368279559	0.00598390018454637	0.00369241701986312
12__Main Tower	555.756794425087	-177.504248044077	2107.49734762579	3474.72715523212	0.971924858172866	0.0205044145537056	0.00757072727342827	0.987213077094043	0.00865189863800907	0.00413502426794776
11__Main Tower	556.376306620209	-177.400546988952	2100.55061878963	3469.72883107121	0.962225403950112	0.0293764927808582	0.00839810326902999	0.982936623760155	0.0124543065326627	0.00460906970718231
10__Main Tower	556.995818815331	-177.263142000592	2091.08161626123	3462.78210223505	0.948996660356748	0.041763107008339	0.00924023263491316	0.977074950047886	0.0178200289327175	0.00510502101939631
9__Main Tower	557.615331010453	-177.081267119878	2078.487726806	3453.31309970665	0.931192473008482	0.0587523158439064	0.0100552111476114	0.96910527821387	0.0252887965679483	0.0056059252181818
8__Main Tower	558.234843205575	-176.842939685156	2062.2542760524	3440.71921025141	0.907719808233309	0.0814984180585289	0.0107817737081624	0.958423633786382	0.0354914269667736	0.00608493924684493
7__Main Tower	558.854355400697	-176.536826768968	2042.13572199154	3424.48575949781	0.877673678395744	0.110986605025898	0.0113397165783579	0.944417283354798	0.0490790559801241	0.00650366066507816
6__Main Tower	559.473867595819	-176.155614085581	1307.57064092305	3404.36720543696	0.840711473701583	0.147650358240107	0.0116381680583097	0.926610750964594	0.0665761841392448	0.00681306489616078
5__Main Tower	560.093379790941	-175.700572417253	1290.27906367126	3380.5941086306	0.797488071804791	0.19091708728893	0.0115948409062793	0.904886833695719	0.0881537452446718	0.00695942105960946
4__Main Tower	560.712891986063	-175.361461179256	2668.92255940637	3363.30253137881	0.766475372187961	0.222210957280914	0.0113136705311246	0.888634784757775	0.104446470580605	0.00691874466162071
3__Main Tower	561.332404181185	-175.062514242923	2647.97272026202	3247.2294129442	0.739638133640656	0.248188203071009	0.0121736632883352	0.873909966004397	0.118522412645965	0.00756762134963797
2__Main Tower	561.951916376307	-174.641063329492	2619.63725845711	3226.27957379985	0.702200597677835	0.284839603652372	0.0129597986697928	0.852580897482171	0.139169966072353	0.00824913644547576
1__Main Tower	562.571428571429	-174.071550391994	2653.53114726524	3197.94411199494	0.652912809197737	0.333617502277235	0.0134696885250288	0.822914188065264	0.168227475895154	0.00885833603958132
