Place	P	T	L	V	x_N2	x_O2	x_Ar	y_N2	y_O2	y_Ar
Condenser	537.171428571429	-178.183098082587	1845.39124499576	6.40574114897683E-06	0.998589392355037	1.95683279512827E-05	0.00139103931701147	0.999245495006415	8.0837004050988E-06	0.000746421293179832
42__Main Tower	537.171428571429	-178.174179786696	1844.81776067614	3430.44723773256	0.997361084592774	4.73467786202668E-05	0.00259156862860521	0.998589392356263	1.95683279298373E-05	0.00139103931580776
41__Main Tower	537.790940766551	-178.150322792217	1844.60213485423	3478.51573664971	0.996141257105353	8.29261615792915E-05	0.00377581673306743	0.997937963946288	3.43005249465892E-05	0.00202773552876578
40__Main Tower	538.410452961672	-178.12650397265	1844.38674687812	3478.3001108278	0.994928919851677	0.000128438958920653	0.00494264118940275	0.997291104294827	5.31680724734826E-05	0.00265572763269975
39__Main Tower	539.029965156794	-178.102706627899	1844.1702347065	3478.08472285168	0.993722475507715	0.000186589569968484	0.00609093492231654	0.996648287549887	7.73011219485833E-05	0.0032744113281646
38__Main Tower	539.649477351916	-178.078907180299	1843.95077035376	3477.86821068007	0.992519576168161	0.000260804402745088	0.00721961942909355	0.996008666854054	0.00010813281181279	0.00388320033413318
37__Main Tower	540.268989547038	-178.055073491785	1843.72594934144	3477.64874632732	0.991316944954414	0.00035542022582922	0.00832763481975658	0.995370998823703	0.00014747872900841	0.00448152244728875
36__Main Tower	540.88850174216	-178.031162764623	1843.49264935124	3477.423925315	0.990110153986451	0.000475920068191432	0.0094139259453575	0.994733549561216	0.000197636597014112	0.00506881384176975
35__Main Tower	541.508013937282	-178.007118925721	1843.24685228588	3477.1906253248	0.988893348343014	0.00062922797838755	0.0104774236785983	0.994093977727355	0.000261511082671026	0.00564451118997354
34__Main Tower	542.127526132404	-177.982869373526	1842.98342226123	3476.94482825945	0.987658903527361	0.000824076288858527	0.0115170201837803	0.9934491892505	0.000342769669089704	0.00620804108041045
33__Main Tower	542.747038327526	-177.958320942933	1842.6958302111	3476.6813982348	0.986397001614283	0.00107146163985609	0.0125315367458613	0.992795157164955	0.000446036751462115	0.00675880608358281
32__Main Tower	543.366550522648	-177.933354917926	1842.37581425433	3476.39380618467	0.985095108785206	0.00138520879305894	0.0135196824217347	0.992126698878233	0.000577134451832576	0.00729616666993393
31__Main Tower	543.98606271777	-177.907820895879	1842.01296350391	3476.0737902279	0.983737334581493	0.00178266397850398	0.0144800014400034	0.991437201931067	0.000743380052224779	0.00781941801670871
30__Main Tower	544.605574912892	-177.881529284564	1841.59421199553	3475.71093947747	0.982303651325478	0.00228554174367307	0.0154108069308488	0.990718288162055	0.000953951278861768	0.00832776055908331
29__Main Tower	545.225087108014	-177.854242198996	1841.10322951257	3475.2921879691	0.980768951467512	0.00292095027241403	0.0163100982600735	0.989959405352028	0.0012203316885978	0.00882026295937389
28__Main Tower	545.844599303136	-177.825662529781	1840.51969785288	3474.80120548614	0.979101922247465	0.00372261869969678	0.0171754590528387	0.989147335291946	0.00155684869365724	0.00929581601439649
27__Main Tower	546.464111498258	-177.795420993226	1839.81846592991	3474.21767382645	0.97726372279081	0.00473234414893165	0.0180039330602586	0.988265608425131	0.00198131563083628	0.00975307594403232
26__Main Tower	547.08362369338	-177.763061069782	1838.96858706894	3473.51644190348	0.975206461283343	0.00600166314968752	0.0187918755669691	0.9872938187441	0.00251578567028278	0.0101903955856176
25__Main Tower	547.703135888502	-177.728021926615	1837.93225953443	3472.66656304251	0.97287149308743	0.00759372751241526	0.0195347794001549	0.986206839947671	0.00318741766282319	0.0106057423895054
24__Main Tower	548.322648083624	-177.689619751599	1836.66372048923	3471.630235508	0.970187599955393	0.00958532276766251	0.020227077276944	0.984973957098231	0.00402943993280084	0.0109966029689682
23__Main Tower	548.942160278746	-177.647028465338	1835.10818920715	3470.3616964628	0.967069172765174	0.0120689003331477	0.0208619269016783	0.983557950028377	0.00508217438321038	0.0113598755884123
22__Main Tower	549.561672473868	-177.599261603966	1833.20102183984	3468.80616518072	0.963414613348759	0.01515439388679	0.0214309927644512	0.981914199122472	0.00639404611200618	0.0116917547655222
21__Main Tower	550.18118466899	-177.545158358653	1830.86733265542	3466.89899781341	0.959105302163844	0.0189704478888342	0.0219242499473214	0.979989934783961	0.00802244862450892	0.0119876165915303
20__Main Tower	550.800696864112	-177.483378369251	1828.02245316196	3464.56530862899	0.954005650219847	0.0236644986039205	0.0223298511762327	0.977723822089595	0.0100342579707231	0.0122419199396822
19__Main Tower	551.420209059234	-177.412411859664	1824.57373299529	3461.72042913552	0.947964956114035	0.0294009250600464	0.0226341188259183	0.975046161948877	0.0125056902816644	0.0124481477694584
18__Main Tower	552.039721254356	-177.330613837318	1820.42430187079	3458.27170896886	0.940821988425048	0.0363562648630949	0.0228217467118569	0.971880092339884	0.0155210836062447	0.012598824053871
17__Main Tower	552.659233449477	-177.236272780865	1815.47945302051	3454.12227784435	0.932413336384051	0.0447103466486447	0.0228763169673047	0.96814426693478	0.0191700789646177	0.0126856541006021
16__Main Tower	553.278745644599	-177.127724429577	1809.65617304419	3449.17742899408	0.922586490087602	0.0546322653094215	0.0227812446029765	0.96375753102976	0.023542623157955	0.0126998458122853
15__Main Tower	553.898257839721	-177.003518322477	1802.89590388385	3443.35414901776	0.911218145987482	0.0662606141370718	0.0225212398754466	0.958646036167725	0.0287212934314312	0.0126326704008439
14__Main Tower	554.517770034843	-176.862636661145	1795.17976030453	3436.59387985742	0.898237195954086	0.079678498126332	0.0220843059195821	0.952752942749428	0.0347707534645338	0.0124763037860385
13__Main Tower	555.137282229965	-176.704750479274	1786.54414711361	3428.8777362781	0.883650166688603	0.0948856828199332	0.0214641504914639	0.946050268556364	0.0417247877904337	0.0122249436532026
12__Main Tower	555.756794425087	-176.530477748488	1777.09328027611	3420.24212308718	0.867564741836483	0.111772566325418	0.0206626918380992	0.938551537286891	0.0495723471973043	0.0118761155158046
11__Main Tower	556.376306620209	-176.341586807636	1767.00415215012	3410.79125624968	0.85020510924094	0.13010276351918	0.0196921272398804	0.930322820615667	0.0582452077387598	0.0114319716455733
10__Main Tower	556.995818815331	-176.141076162297	1756.51985708186	3400.70212812369	0.831912373634518	0.149511719876786	0.0185759064886962	0.921488948242682	0.0676107707819583	0.0109002809753593
9__Main Tower	557.615331010453	-175.933070350706	1745.92954732092	3390.21783305543	0.813125303855302	0.169526664783983	0.0173480313607147	0.912231669189598	0.0774735685143315	0.0102947622960703
8__Main Tower	558.234843205575	-175.722508453922	1735.53733258181	3379.62752329449	0.794341504644713	0.18960804198749	0.0160504533677977	0.9027778776711	0.0875876349693891	0.00963448735951073
7__Main Tower	558.854355400697	-175.514660716648	1725.62663402485	3369.23530855537	0.776065336969648	0.209205767642188	0.0147288953881643	0.893378624404854	0.0976790796799021	0.00894229591524374
6__Main Tower	559.473867595819	-175.314567404118	862.93549553849	3359.32460999842	0.758753786986255	0.227818257451361	0.0134279555623837	0.884282654763469	0.107474881200253	0.00824246403627799
5__Main Tower	560.093379790941	-175.126523914421	858.709689289056	3350.12665132322	0.742772403495098	0.245040997040277	0.0121865994646253	0.875710243813604	0.116731634143126	0.00755812204326925
4__Main Tower	560.712891986063	-175.032426433891	2234.90714693168	3345.90084507379	0.735539457489436	0.252855661317696	0.0116048811928675	0.871756410709015	0.121011468925195	0.00723212036579055
3__Main Tower	561.332404181185	-174.674815315509	2214.6762751518	3227.3816885467	0.703948022278539	0.283507648918235	0.0125443288032257	0.853696458335238	0.138328569330895	0.0079749723338662
2__Main Tower	561.951916376307	-174.265585834997	2192.67341239238	3207.15081676681	0.668600633776609	0.318180587626718	0.0132187785966737	0.832626547131722	0.158772649000947	0.00860080386733074
1__Main Tower	562.571428571429	-173.819082747739	2239.36345918805	3185.1479540074	0.631119203474389	0.355342001702763	0.0135387948228484	0.809182115626018	0.181780027248141	0.00903785712584035
