Place	P	T	L	V	x_N2	x_O2	x_Ar	y_N2	y_O2	y_Ar
Condenser	537.171428571429	-178.056054048821	1648.41539937836	6.45715143220816E-06	0.984261668168006	0.0121121492186667	0.00362618261332771	0.993006139538166	0.00503545446472315	0.00195840599711086
42__Main Tower	537.171428571429	-177.879009485028	1637.21826481351	3409.32256509014	0.964471594582616	0.0288749523708058	0.00665345304657827	0.984261668184567	0.0121121492052636	0.003626182610169
41__Main Tower	537.790940766551	-177.672686899465	1625.71101851167	3452.16391169609	0.943457992543393	0.0473486988199037	0.00919330863670311	0.97487605650314	0.0200620519885651	0.00506189150829523
40__Main Tower	538.410452961672	-177.455250428893	1613.83873753904	3440.65666539425	0.921604040403479	0.0671568795693492	0.011239080027172	0.964981922627412	0.0287614265123895	0.00625665086019872
39__Main Tower	539.029965156794	-177.231092619173	1601.91634218901	3428.78438442162	0.899407226842161	0.0877905840784311	0.012802189079408	0.95477036877608	0.0380202577875546	0.00720937343636495
38__Main Tower	539.649477351916	-177.005505706348	1590.2763633381	3416.86198907159	0.877432868683913	0.108653176214144	0.013913955101943	0.944479635225328	0.0475922247658982	0.00792814000877414
37__Main Tower	540.268989547038	-176.783691684858	1579.24057200244	3405.22201022068	0.856251534639868	0.129124343430231	0.0146241219299011	0.934371436583672	0.0571978772023539	0.00843068621397399
36__Main Tower	540.88850174216	-176.571773547559	1569.11993341961	3394.18621888501	0.836370747572784	0.148632846004858	0.014996406422358	0.924701354325198	0.0665553625707656	0.00874328310403653
35__Main Tower	541.508013937282	-176.373878904092	1560.10763193268	3384.06558030219	0.818182560978815	0.166715806199736	0.0151016328214488	0.915687763226229	0.075413920866366	0.00889831590740495
34__Main Tower	542.127526132404	-176.1931858785	1552.30349242962	3375.05327881525	0.801935072527087	0.183054503555383	0.0150104239175294	0.907492129684153	0.0835771973849926	0.00893067293085472
33__Main Tower	542.747038327526	-176.031449008556	1545.72305222527	3367.2491393122	0.787730515914901	0.197482410333343	0.0147870737517556	0.900209018836375	0.0909166577703593	0.0088743233932653
32__Main Tower	543.366550522648	-175.889092521749	1540.31256056278	3360.66869910784	0.775544694054679	0.209969733253903	0.0144855726914184	0.893868130554106	0.0973722898066451	0.00875957963924838
31__Main Tower	543.98606271777	-175.765465688648	1535.96988091531	3355.25820744536	0.765258667303471	0.220593372192233	0.0141479605042961	0.888445085092919	0.102943466215191	0.00861144869188974
30__Main Tower	544.605574912892	-175.659167665378	1532.56545420938	3350.91552779789	0.756693330829222	0.229502074058935	0.0138045951118432	0.88387656137849	0.107674354986297	0.00844908363521315
29__Main Tower	545.225087108014	-175.568364379404	1529.95975813479	3347.51110109196	0.749640182235326	0.236884169854013	0.0134756479106617	0.880075793442703	0.111638119049886	0.00828608750741145
28__Main Tower	545.844599303136	-175.491050412893	1528.0158948394	3344.90540501736	0.743884954323061	0.242941893898121	0.013173151778818	0.876945798704258	0.114922873182478	0.00813132811326393
27__Main Tower	546.464111498258	-175.425238384103	1526.60746216184	3342.96154172198	0.739223515193653	0.247873383770739	0.0129031010356081	0.874389198843162	0.117620846947754	0.00798995420908372
26__Main Tower	547.08362369338	-175.369078791219	1525.6225948673	3341.55310904441	0.735471049432923	0.251861640641816	0.0126673099252612	0.872314600268607	0.119821004401934	0.00786439532945901
25__Main Tower	547.703135888502	-175.320923574479	1524.96541518236	3340.56824174988	0.732466184271881	0.25506890989889	0.0124649058292295	0.870640103868791	0.121604671061323	0.00775522506988669
24__Main Tower	548.322648083624	-175.279349362645	1524.55574888578	3339.91106206494	0.730071689878375	0.257634864394178	0.0122934457274473	0.869294713225816	0.123043443642594	0.00766184313158911
23__Main Tower	548.942160278746	-175.243154702724	1524.32789216084	3339.50139576836	0.728173131322889	0.259677167625909	0.0121497010512019	0.868218359084709	0.124198662292374	0.00758297862291784
22__Main Tower	549.561672473868	-175.211342539193	1524.22896448672	3339.27353904342	0.726676464296015	0.26129335758597	0.012030178118015	0.867361122299536	0.125121837770014	0.00751703993044973
21__Main Tower	550.18118466899	-175.183095735523	1524.21716463494	3339.1746113693	0.72550522997196	0.262563328387955	0.0119314416400853	0.866682064163247	0.125855591642924	0.00746234419382916
20__Main Tower	550.800696864112	-175.157750617581	1524.21636637815	3339.16281151751	0.724597745513755	0.263551955233968	0.0118502992522763	0.86614792925702	0.126434812620929	0.00741725812205093
19__Main Tower	551.420209059234	-175.134842263687	1524.13081306672	3339.16201326073	0.723915856218744	0.264300513190757	0.0117836305904986	0.865733726415424	0.126886055342139	0.00738021824243681
18__Main Tower	552.039721254356	-175.113766477228	1524.13838187231	3339.0764599493	0.723416282138044	0.264854568005114	0.0117291498568419	0.865426092299399	0.127224235087514	0.00734967261308768
17__Main Tower	552.659233449477	-175.094564144428	1524.19905269981	3339.08402875488	0.723059992036168	0.26525509895601	0.0116849090078223	0.86519773892827	0.127477446358821	0.00732481471290965
16__Main Tower	553.278745644599	-175.076636733776	1524.27485089807	3339.14469958238	0.722817826052841	0.265533023582627	0.0116491503645318	0.865032529246239	0.127662770366989	0.00730470038677193
15__Main Tower	553.898257839721	-175.05974776921	1524.34810609492	3339.22049778064	0.722668585880547	0.265711080727547	0.011620333391906	0.864918763539271	0.127792759617381	0.00728847684334781
14__Main Tower	554.517770034843	-175.04371658598	1524.41058486962	3339.29375297749	0.722596091572136	0.265806744066588	0.0115971643612766	0.864847519850115	0.127877062252193	0.00727541789769218
13__Main Tower	555.137282229965	-175.028400867802	1524.45891697406	3339.3562317522	0.722587593237277	0.265833827147981	0.011578579614742	0.86481176617534	0.127923311258434	0.00726492256622584
12__Main Tower	555.756794425087	-175.013686089343	1524.49247668269	3339.40456385664	0.722632811913714	0.265803473394328	0.0115637146919585	0.864805828306833	0.127937670477417	0.0072565012157504
11__Main Tower	556.376306620209	-174.999478521361	1524.51226258859	3339.43812356526	0.722723309280511	0.265724819128892	0.0115518715905971	0.864825041937129	0.127925199423095	0.00724975863977654
10__Main Tower	556.995818815331	-174.985700340229	1524.5202028847	3339.45790947116	0.722852049793845	0.265605461508772	0.0115424886973831	0.864865512859954	0.127890109492697	0.0072443776473487
9__Main Tower	557.615331010453	-174.972286084414	1524.5187374861	3339.46584976728	0.723013097173361	0.265451788288449	0.0115351145381897	0.864923947014127	0.127835948539129	0.0072401044467439
8__Main Tower	558.234843205575	-174.959180141968	1524.51049892393	3339.46438436867	0.723201385760033	0.265269228156752	0.0115293860832153	0.864997530053612	0.127765733808833	0.00723673613755515
7__Main Tower	558.854355400697	-174.94633483096	1524.49810111437	3339.4561458065	0.723412559060765	0.265062430177109	0.0115250107621261	0.865083836823997	0.127682052766059	0.00723411040994383
6__Main Tower	559.473867595819	-174.933709026509	575.906384650237	3339.44374799695	0.723642849869936	0.264835398175032	0.0115217519550318	0.865180766837498	0.127587136088074	0.00723209707442767
5__Main Tower	560.093379790941	-174.921267121291	575.856324177445	3339.42964872481	0.723888995783043	0.264591586963081	0.0115194172538761	0.865286495515756	0.127482913213731	0.00723059127051277
4__Main Tower	560.712891986063	-174.907659448698	1949.26100742927	3339.37958825202	0.724029304063395	0.264452818067269	0.0115178778693365	0.865331065300253	0.127438810363261	0.00723012433648594
3__Main Tower	561.332404181185	-174.493493060418	1929.08405185603	3218.06765733413	0.687611700303233	0.299798776136252	0.0125895235605153	0.844137692418843	0.147773232241506	0.00808907533965112
2__Main Tower	561.951916376307	-174.085200324577	1910.39394198163	3197.89070176088	0.652799259943222	0.333950078181688	0.0132506618750898	0.822927087263586	0.168359015599482	0.00871389713693209
1__Main Tower	562.571428571429	-173.7026773057	1963.03135089821	3179.20059188648	0.621221404969685	0.365258235996772	0.0135203590335428	0.802803658788312	0.188107947809775	0.00908839340191291
