Place	P	T	L	V	x_N2	x_O2	x_Ar	y_N2	y_O2	y_Ar
Condenser	537.171428571429	-178.167174824409	1753.60832641142	5.24780753367039E-06	0.996522252149618	0.000540303392091791	0.00293744445829022	0.998199408057059	0.00022338688649488	0.00157720505644626
42__Main Tower	537.171428571429	-178.141902331653	1752.20270901985	3426.82781862925	0.993229531850823	0.00130508679642951	0.00546538135274707	0.996522252152186	0.000540303391606468	0.00293744445620716
41__Main Tower	537.790940766551	-178.101319043708	1751.1219261775	3476.76969319543	0.989941586688283	0.0022323593028335	0.00782605400888346	0.994862805615109	0.000925734602513532	0.00421145978237752
40__Main Tower	538.410452961672	-178.060110765833	1750.01202034074	3475.68891035308	0.986624627286847	0.00335296164833123	0.0100224110648218	0.993206780636928	0.00139279516576696	0.00540042419730538
39__Main Tower	539.029965156794	-178.017922659622	1748.85463835718	3474.57900451632	0.983239836286992	0.00470284700228183	0.0120573167107258	0.991537198578746	0.00195693134887264	0.00650587007238088
38__Main Tower	539.649477351916	-177.974346717992	1747.62860755215	3473.42162253276	0.979742982837178	0.00632363983060881	0.0139333773322131	0.989834606045754	0.00263612834208696	0.00752926561215914
37__Main Tower	540.268989547038	-177.928917659306	1746.30982498476	3472.19559172773	0.976084092010552	0.00826312935071791	0.0156527786387305	0.988076895233328	0.00345117748842513	0.00847192727824663
36__Main Tower	540.88850174216	-177.881109749156	1744.87100846774	3470.87680916034	0.972207232989779	0.0105756270595251	0.0172171399506958	0.986239156030409	0.00442590567302399	0.00933493829656732
35__Main Tower	541.508013937282	-177.830335360805	1743.28138844254	3469.43799264332	0.968050516092145	0.0133220902503691	0.0186273936574863	0.984293593766511	0.0055873298451761	0.0101190763883128
34__Main Tower	542.127526132404	-177.775946379555	1741.50639033499	3467.84837261812	0.963546418803312	0.0165698809579523	0.0198837002387359	0.982209559602672	0.00696568557296375	0.0108247548243638
33__Main Tower	542.747038327526	-177.717239887469	1739.50736805868	3466.07337451058	0.95862259333561	0.0203919944054301	0.0209854122589598	0.979953755673865	0.00859426207886378	0.0114519822472715
32__Main Tower	543.366550522648	-177.653469898984	1737.2414904017	3464.07435223426	0.953203338463953	0.0248655574450746	0.0219311040909728	0.977490693054351	0.0105089585862754	0.0120003483593732
31__Main Tower	543.98606271777	-177.583867187809	1734.66196098072	3461.80847457728	0.947211938342099	0.0300693743421626	0.0227186873157386	0.974783494873589	0.0127474606955807	0.01246904443083
30__Main Tower	544.605574912892	-177.507669329942	1731.71885442773	3459.22894515631	0.940574067234772	0.0360802987709233	0.0233456339943044	0.97179514475282	0.0153479258220048	0.0128569294251754
29__Main Tower	545.225087108014	-177.424162809308	1728.36096052114	3456.28583860332	0.933222412381269	0.0429682577342478	0.0238093298844831	0.968490274702329	0.0183470713956836	0.0131626539019879
28__Main Tower	545.844599303136	-177.332738151352	1724.53907719449	3452.92794469673	0.925102553558114	0.050789871447728	0.0241075749941579	0.96483755626074	0.021777589861013	0.0133848538782471
27__Main Tower	546.464111498258	-177.232957315225	1719.92888960767	3449.10606137008	0.916179934432836	0.059580829010112	0.0242392365570518	0.96081269178758	0.0256648841328702	0.0135224240795503
26__Main Tower	547.08362369338	-177.125374041087	1713.9613360588	3444.49587378325	0.906473299461962	0.0693266347902151	0.0242000657478231	0.956405184702408	0.0300208164736285	0.013573998823963
25__Main Tower	547.703135888502	-177.009271925621	1707.67666012677	3438.52832023439	0.896020621245486	0.0799859110864436	0.0239934676680708	0.95163664735699	0.0348273882970626	0.0135359643459469
24__Main Tower	548.322648083624	-176.885633269399	1701.09473966997	3432.24364430235	0.884890786316805	0.0914800417216696	0.0236291719615249	0.946518724668219	0.0400676283920978	0.0134136469396829
23__Main Tower	548.942160278746	-176.755409466717	1694.17668750217	3425.66172384556	0.873193350690081	0.103685717400002	0.0231209319099176	0.941088962289421	0.0456986181844997	0.0132124195260791
22__Main Tower	549.561672473868	-176.619993328116	1686.98252867939	3418.74367167775	0.861080041173059	0.116433725916684	0.0224862329102568	0.935405956280461	0.0516545642478978	0.0129394794716416
21__Main Tower	550.18118466899	-176.481160819941	1679.63303047606	3411.54951285497	0.848736841683307	0.129516708235516	0.0217464500811777	0.929547218460889	0.0578486256806765	0.0126041558584345
20__Main Tower	550.800696864112	-176.340966422147	1672.28239166114	3404.20001465165	0.836371815265815	0.1427019693134	0.0209262154207847	0.92360489836183	0.0641772897010609	0.0122178119371087
19__Main Tower	551.420209059234	-176.201600022495	1665.09526986346	3396.84937583673	0.8241998073945	0.155748032615151	0.0200521599903495	0.917679558236315	0.0705270541673364	0.0117933875963487
18__Main Tower	552.039721254356	-176.065223904699	1658.22708538888	3389.66225403904	0.812426137550086	0.168422595131634	0.0191512673182802	0.911872730710655	0.0767826061365406	0.0113446631528042
17__Main Tower	552.659233449477	-175.933814370547	1651.80881075562	3382.79406956446	0.801231769175511	0.180519098488614	0.0182491323358751	0.906279347244038	0.0828352813284286	0.0108853714275335
16__Main Tower	553.278745644599	-175.809031758382	1645.93758778451	3376.37579493121	0.790762122560581	0.191869456778749	0.0173684206606701	0.900981186813024	0.0885905020501428	0.0104283111368333
15__Main Tower	553.898257839721	-175.692135541288	1640.67344599134	3370.50457196009	0.781120804723054	0.202351440595967	0.0165277546809788	0.896042242667796	0.093973152531727	0.00998460480047678
14__Main Tower	554.517770034843	-175.583950663773	1636.04112238624	3365.24043016692	0.772368425830584	0.211890436290054	0.0157411378793624	0.89150644649011	0.0989303533112298	0.00956320019866046
13__Main Tower	555.137282229965	-175.484881025162	1632.03516514393	3360.60810656183	0.764525727192982	0.22045636558116	0.0150179072258579	0.887397693152937	0.103431654503821	0.0091706523432423
12__Main Tower	555.756794425087	-175.394958909325	1628.62644847976	3356.60214931951	0.757579695799724	0.228057193035772	0.0143631111645039	0.883721726478666	0.10746710940144	0.0088111641198933
11__Main Tower	556.376306620209	-175.313916210019	1625.78054610071	3353.19343265534	0.751491216243292	0.234730618481256	0.013778165275453	0.880469249319504	0.111043926696172	0.00848682398432417
10__Main Tower	556.995818815331	-175.241354802441	1623.45555830643	3350.34753027629	0.746200167103031	0.240538110184114	0.0132617227128551	0.877619156945753	0.114182859847741	0.00819798320650587
9__Main Tower	557.615331010453	-175.176372991632	1621.52225034267	3348.02254248201	0.74164026540491	0.245549534868857	0.0128101997262332	0.875141115920609	0.116915198863175	0.00794368521621678
8__Main Tower	558.234843205575	-175.118461066729	1619.94111295192	3346.08923451825	0.737740608073515	0.249840688458042	0.0124187034684433	0.873005877139177	0.119272319346365	0.00772180351445777
7__Main Tower	558.854355400697	-175.066891283267	1618.66652252232	3344.5080971275	0.734428422979472	0.253489902041473	0.0120816749790548	0.871179148669832	0.121291077949416	0.00752977338075238
6__Main Tower	559.473867595819	-175.020937147796	716.837707291478	3343.2335066979	0.731633021390376	0.256573677379907	0.0117933012297168	0.86962638735928	0.123008879516745	0.00736473312397563
5__Main Tower	560.093379790941	-174.979914917438	716.433069300391	3342.2070440482	0.729289138533155	0.259163052264339	0.0115478092025059	0.868314925239957	0.1244613642261	0.00722371053394214
4__Main Tower	560.712891986063	-174.95561599285	2091.4449049983	3341.80240605711	0.72846104481589	0.260084273595182	0.011454681588928	0.867828981338683	0.125000491294704	0.00717052736661284
3__Main Tower	561.332404181185	-174.573078354941	2071.37222119503	3222.09762758531	0.694774482033222	0.292746426781007	0.0124790911857705	0.848366453755883	0.143652618044077	0.00798092820004021
2__Main Tower	561.951916376307	-174.166517278569	2051.20734065257	3202.02494378204	0.659909584844265	0.326916676142221	0.0131737390135139	0.827326459315355	0.164051703664508	0.00862183702013688
1__Main Tower	562.571428571429	-173.755133362921	2101.18527821606	3181.86006323957	0.625677243124248	0.360824548940549	0.013498207935203	0.80569061207843	0.185264186697103	0.00904520122446714
