Place	P	T	L	V	x_N2	x_O2	x_Ar	y_N2	y_O2	y_Ar
Condenser	540.028571428571	-178.113781625186	1843.39060234398	3.81664419094002E-06	0.998540707103813	2.19074150301236E-05	0.00143738548115692	0.999218899081451	9.06356282742618E-06	0.000772037355721197
42__Main Tower	540.028571428571	-178.104553796967	1842.27022942807	3428.29522877538	0.997271745420912	5.29263509670853E-05	0.0026753282281203	0.998540707104568	2.19074150158248E-05	0.0014373854804162
41__Main Tower	540.648083623693	-178.080454964845	1841.34112808469	3475.81117590792	0.996012854870616	9.25713831544156E-05	0.00389457374622903	0.997868124443319	3.8348256975618E-05	0.00209352729970548
40__Main Tower	541.267595818815	-178.056405316084	1840.44587714398	3474.88207456454	0.994763277286045	0.000143159438220341	0.00509356327573455	0.997201197393785	5.93522744351767E-05	0.00273945033177949
39__Main Tower	541.887108013937	-178.032388744057	1839.7093514372	3473.98682362383	0.993521558974635	0.000207616126786998	0.0062708248985777	0.996539503447999	8.61442119599697E-05	0.00337435234004129
38__Main Tower	542.506620209059	-178.008380316575	1839.17578982831	3473.25029791706	0.992285241224207	0.00028963942425313	0.00742511935154042	0.995882167420563	0.000120273505667948	0.00399755907376885
37__Main Tower	543.126132404181	-177.98434429112	1838.81745048188	3472.71673630817	0.991050645320099	0.000393903014510537	0.00855545166539104	0.995227767330477	0.000163700214980402	0.00460853245454244
36__Main Tower	543.745644599303	-177.960232499751	1838.53814830024	3472.35839696173	0.989812722197496	0.000526306326404599	0.00966097147609983	0.994574280043027	0.00021890090521128	0.00520681905176178
35__Main Tower	544.365156794425	-177.935982958876	1838.21767583922	3472.07909478009	0.988564948158402	0.000694277190478608	0.0107407746511192	0.993919057433	0.000288997137112651	0.00579194542988767
34__Main Tower	544.984668989547	-177.911517790068	1837.76221357104	3471.75862231907	0.987299144280359	0.000907139550080449	0.0117937161695609	0.993258768347226	0.000377912005307236	0.0063633196474662
33__Main Tower	545.604181184669	-177.886739597266	1837.13369997631	3471.30316005089	0.986005107987387	0.00117656551678243	0.0128183264958302	0.99258924783239	0.00049056315985442	0.00692018900775543
32__Main Tower	546.223693379791	-177.861525938213	1836.35004931933	3470.67464645616	0.984670015157563	0.00151713616158713	0.0138128486808497	0.991905233044881	0.0006331030835138	0.00746166387160545
31__Main Tower	546.843205574913	-177.835722018156	1835.46087509771	3469.89099579918	0.983277619547386	0.00194703746034273	0.0147753429922711	0.991200002203342	0.000813218550094044	0.00798677924656419
30__Main Tower	547.462717770035	-177.809132036806	1834.5173616928	3469.00182157756	0.981807317431979	0.00248891485950216	0.0157037677085183	0.990464954630542	0.00104050038768811	0.00849454498177005
29__Main Tower	548.082229965157	-177.781509453887	1833.55221828895	3468.05830817265	0.980233121956852	0.00317090576583955	0.0165959722773089	0.989689156425445	0.00132689354447161	0.0089839500300831
28__Main Tower	548.701742160279	-177.752546047983	1832.57436421798	3467.0931647688	0.978522538383658	0.00402786609564557	0.0174495955206963	0.988858846317318	0.00168723702605319	0.00945391665662878
27__Main Tower	549.321254355401	-177.721859371628	1831.57332631624	3466.11531069784	0.976635295196634	0.00510280339185672	0.018261901411509	0.98795687491009	0.0021399030741776	0.00990322201573271
26__Main Tower	549.940766550523	-177.68897824224	1830.52540793341	3465.11427279609	0.97452189164745	0.00644851934436478	0.019029589008185	0.986962050531498	0.00270754281180568	0.0103304066566965
25__Main Tower	550.560278745645	-177.653326242662	1829.39633260066	3464.06635441326	0.972121965989494	0.00812944088747149	0.0197485931230345	0.985848383268071	0.00341793832781496	0.0107336784041138
24__Main Tower	551.179790940767	-177.614203742026	1828.13943838956	3462.93727908051	0.96936255544283	0.0102235730322464	0.0204138715249241	0.984584246385971	0.0043049454274338	0.0111108081865948
23__Main Tower	551.799303135889	-177.570769642305	1826.69169347914	3461.68038486941	0.966156400502569	0.0128244304273335	0.0210191690700972	0.983131505832291	0.0054094837301525	0.011459010437556
22__Main Tower	552.418815331011	-177.522024945483	1824.97081150784	3460.232639959	0.962400545600265	0.0160426919682918	0.0215567624314432	0.981444705181338	0.00678048837633148	0.0117748064423302
21__Main Tower	553.038327526133	-177.466801404831	1822.87598375756	3458.51175798769	0.957975614408535	0.0200071703941463	0.0220172151973191	0.979470440908476	0.00847567777437107	0.0120538813171532
20__Main Tower	553.657839721255	-177.403760028355	1820.29244927448	3456.41693023742	0.95274629605546	0.0248645006593154	0.0223892032852246	0.97714712677396	0.0105619136263635	0.0122909595996762
19__Main Tower	554.277351916376	-177.331406063076	1817.10269221672	3453.83339575433	0.946563766370791	0.0307767398519378	0.0226594937772715	0.974405431571955	0.0131148333675408	0.0124797350605042
18__Main Tower	554.896864111498	-177.248128531364	1813.19361779087	3450.64363869658	0.939270888467941	0.0379159155979334	0.022813195934126	0.971169744226808	0.0162173464899382	0.0126129092832542
17__Main Tower	555.51637630662	-177.1522745638	1808.47362886478	3446.73456427072	0.930711213936777	0.0464544249972371	0.022834361065986	0.967361150084951	0.0199564780959155	0.0126823718191333
16__Main Tower	556.135888501742	-177.042266607455	1802.8764675327	3442.01457534464	0.920742443517338	0.0565504811331509	0.0227070753495113	0.962902319478176	0.0244180805662621	0.0126795999555617
15__Main Tower	556.755400696864	-176.916769811835	1796.37455243757	3436.41741401255	0.909254772277786	0.0683281977004529	0.0224170300217608	0.957724752074485	0.0296789667943612	0.0125962811311541
14__Main Tower	557.374912891986	-176.774905633081	1788.98720192202	3429.91549891742	0.896193117171931	0.0818532919629392	0.0219535908651295	0.951778336059957	0.0357964568693319	0.012425207070711
13__Main Tower	557.994425087108	-176.616495109927	1780.78629527803	3422.52814840187	0.881580761504352	0.0971070682988917	0.021312170196756	0.945042672728677	0.0427959309800597	0.0121613962912634
12__Main Tower	558.61393728223	-176.442296118424	1771.89766790349	3414.32724175789	0.865540006431077	0.113963452120437	0.0204965414484866	0.937538742889591	0.0506579219898316	0.0118033351205777
11__Main Tower	559.233449477352	-176.254180504968	1762.4961847327	3405.43861438334	0.84830398977944	0.132175442752087	0.0195205674684727	0.929338569571934	0.0593072976986957	0.0113541327293701
10__Main Tower	559.852961672474	-176.055188135387	1752.79321083131	3396.03713121255	0.830213905686403	0.151377342477155	0.0184087518364419	0.920569933859115	0.0686077599340476	0.010822306206837
9__Main Tower	560.472473867596	-175.849406077166	1743.0173354729	3386.33415731116	0.811698252324034	0.171106583343532	0.0171951643324344	0.911413429931311	0.0783646717953512	0.0102218982733378
8__Main Tower	561.091986062718	-175.641657523523	1733.39184392263	3376.55828195276	0.793235297571763	0.190844038073472	0.0159206643547653	0.90209053195905	0.0883377400102942	0.00957172803065534
7__Main Tower	561.71149825784	-175.43703929419	1724.11388520209	3366.93279040248	0.775305158694959	0.210065994880896	0.0146288464241449	0.892843699011506	0.0982625155632229	0.00889378542527138
6__Main Tower	562.331010452962	-175.240397856335	862.633920321648	3357.65483168194	0.758341412010386	0.228297040899026	0.0133615470905879	0.883912036804494	0.107876927021988	0.0082110361735178
5__Main Tower	562.950522648084	-175.055373959665	858.750951253292	3349.60058965726	0.742646971095159	0.245196471849683	0.0121565570551578	0.875482358625004	0.116971296939963	0.00754634443503273
4__Main Tower	563.570034843206	-174.962611245018	2235.56990330688	3345.71762058891	0.73552915444653	0.252878091588863	0.0115927539646078	0.871589991465009	0.121179699913832	0.00723030862115914
3__Main Tower	564.189547038328	-174.605010101057	2215.04564093868	3227.81995847278	0.703968529490308	0.283499098077033	0.0125323724326598	0.85352632766789	0.13850025083779	0.00797342149432042
2__Main Tower	564.80905923345	-174.196377476017	2192.85389835189	3207.29569610458	0.668703321652345	0.318089304148536	0.0132073741991182	0.832484794180771	0.158916019240317	0.00859918657891291
1__Main Tower	565.428571428571	-173.75102529323	2239.58794563717	3185.10395351779	0.631341465013153	0.355129093979832	0.013529441007015	0.809101115121511	0.181862382586404	0.00903650229208518
