Place	P	T	L	V	x_N2	x_O2	x_Ar	y_N2	y_O2	y_Ar
Condenser	540.028571428571	-178.124313718844	2205.30214613917	1.01827213522142E-05	0.999993511733669	9.68268601017213E-09	6.47858364479659E-06	0.999996517456618	4.00370827912318E-09	3.47853967353008E-06
42__Main Tower	540.028571428571	-178.12427327678	2205.18716782558	3437.94466875107	0.999987910603247	2.34168426156107E-08	1.20659799108325E-05	0.999993511733678	9.68268599335177E-09	6.47858363591087E-06
41__Main Tower	540.648083623693	-178.10930990959	2205.5124430327	3475.65608266708	0.999981291116225	4.44762211245159E-08	1.86644075540147E-05	0.999989958004356	1.83965475454929E-08	1.0023599096118E-05
40__Main Tower	541.267595818815	-178.094351303934	2205.86345100694	3475.9813578742	0.999973468230327	7.67574510180923E-08	2.64550122219641E-05	0.999985757743924	3.17592067600552E-08	1.42104968694226E-05
39__Main Tower	541.887108013937	-178.079394345102	2206.2482600806	3476.33236584844	0.999964222524156	1.26225644098085E-07	3.56512502003024E-05	0.999980793378009	5.22441436000524E-08	1.91543778473411E-05
38__Main Tower	542.506620209059	-178.064437584887	2206.67489647578	3476.7171749221	0.99995329329327	2.02010542549631E-07	4.65046961876801E-05	0.999974925445442	8.36382842113404E-08	2.49909162737955E-05
37__Main Tower	543.126132404181	-178.049478718589	2207.14641729467	3477.14381131728	0.999940370039222	3.1808254738899E-07	5.9311878231205E-05	0.999967988192628	1.31738337398193E-07	3.18800690344819E-05
36__Main Tower	543.745644599303	-178.034514988569	2207.65304824968	3477.61533213617	0.99992508187906	4.9581480134348E-07	7.44223061381861E-05	0.999959784167715	2.05415561578054E-07	4.00104167235721E-05
35__Main Tower	544.365156794425	-178.019543080484	2208.17310724351	3478.12196309118	0.999906984319039	7.67897771536104E-07	9.22477831899418E-05	0.999950077553186	3.18243184347431E-07	4.96042036296024E-05
34__Main Tower	544.984668989547	-178.004558989854	2208.67808191341	3478.64202208501	0.999885542498495	1.18431747264981E-06	0.000113273184032431	0.999938585843399	4.90982615889913E-07	6.09231739855382E-05
33__Main Tower	545.604181184669	-177.989557847106	2209.14119095151	3479.14699675491	0.999860109565569	1.82148088476924E-06	0.0001380689535465	0.999924969276727	7.55379866918419E-07	7.42753434057354E-05
32__Main Tower	546.223693379791	-177.974533683089	2209.54523192905	3479.61010579302	0.999829898144896	2.79613996428354E-06	0.000167305715139578	0.999908817122629	1.15996042081971E-06	9.00229169502844E-05
31__Main Tower	546.843205574913	-177.959479108251	2209.88637357309	3480.01414677055	0.999793941886673	4.28663093487925E-06	0.000201771482392235	0.999889629505128	1.77887187130069E-06	0.000108591623000687
30__Main Tower	547.462717770035	-177.944384866215	2210.1729293384	3480.35528841459	0.999751042717023	6.56526317957104E-06	0.000242392019797782	0.999866792864797	2.72537372107691E-06	0.000130481761482213
29__Main Tower	548.082229965157	-177.929239203917	2210.42055335292	3480.6418441799	0.999699697404196	1.00476966062018E-05	0.000290254899197731	0.999839546321324	4.17241105380709E-06	0.000156281267622039
28__Main Tower	548.701742160279	-177.914026972518	2210.64639495857	3480.88946819442	0.999637994022279	1.53681931895099E-05	0.000346637784531145	0.999806934929482	6.38398226854912E-06	0.000186681088249878
27__Main Tower	549.321254355401	-177.898728330483	2210.864379294	3481.11530980007	0.99956346425786	2.34942555446554E-05	0.000413041486595151	0.999767743875654	9.76294646927353E-06	0.00022249317787658
26__Main Tower	549.940766550523	-177.883316855026	2211.0826246114	3481.3332941355	0.999472870438641	3.59011862286457E-05	0.000491228375129992	0.999720404689526	1.49238552771605E-05	0.000264671455197368
25__Main Tower	550.560278745645	-177.867756769346	2211.30287836294	3481.5515394529	0.999361895460277	5.48377423394407E-05	0.000583266797383937	0.999662860037718	2.2803853317967E-05	0.000314336108963654
24__Main Tower	551.179790940767	-177.851998843786	2211.52121276025	3481.77179320444	0.999224687655259	8.37301629730072E-05	0.000691582181767873	0.999592366866545	3.48314496850021E-05	0.000372801683770332
23__Main Tower	551.799303135889	-177.835974304345	2211.7291089388	3481.99012760175	0.999053188404158	0.00012779616478032	0.000819015431061832	0.999505207431834	5.31831872946045E-05	0.000441609380870871
22__Main Tower	552.418815331011	-177.819585744134	2211.91424901804	3482.1980237803	0.998836133952184	0.000194977115695561	0.00096888893212068	0.999396262391311	8.11736717086648E-05	0.000522563936980268
21__Main Tower	553.038327526133	-177.802693527357	2212.06060320715	3482.38316385954	0.998557568635568	0.000297351495515657	0.00114507986891613	0.999258377118702	0.00012384764734303	0.000617775233955389
20__Main Tower	553.657839721255	-177.785095421224	2212.14837187005	3482.52951804865	0.998194626189193	0.000453274560128731	0.0013520992506779	0.999081418055995	0.000188877603672117	0.000729704340332746
19__Main Tower	554.277351916376	-177.766496073643	2212.14850683826	3482.61728671155	0.997714217108621	0.000690610009697546	0.00159517288168128	0.998850864867605	0.000287922214587418	0.000861212917807548
18__Main Tower	554.896864111498	-177.746461339356	2212.02470148123	3482.61742167976	0.997068090303833	0.00105159481860194	0.00188031487756503	0.998545710384596	0.000438677011664014	0.00101561260373991
17__Main Tower	555.51637630662	-177.724350090765	2211.72396385086	3482.49361632273	0.996185490537258	0.00160012982168383	0.0022143796410584	0.998135330448087	0.000667959879479971	0.0011967096724327
16__Main Tower	556.135888501742	-177.699212951794	2211.16913139284	3482.19287869236	0.994962308921343	0.00243263064992542	0.00260506042873187	0.997574837057013	0.0010163301967268	0.00140883274625976
15__Main Tower	556.755400696864	-177.669643105645	2210.24640268968	3481.63804623434	0.993245203069559	0.00369401492916511	0.00306078200127607	0.996798222560978	0.00154495384968707	0.00165682358933491
14__Main Tower	557.374912891986	-177.633559306185	2208.78768767855	3480.71531753118	0.990808712076316	0.00560089380233895	0.00359039412134476	0.995708350900798	0.00234569471082507	0.00194595438837669
13__Main Tower	557.994425087108	-177.587896646587	2206.54639832135	3479.25660252005	0.987323085556106	0.00847440525162437	0.00420250919226986	0.994162590156275	0.0035557013998888	0.0022817084438359
12__Main Tower	558.61393728223	-177.528180131155	2203.16624891934	3477.01531316285	0.982310873071284	0.012784895738952	0.00490423118976399	0.991952740920429	0.00537794027442151	0.00266931880514924
11__Main Tower	559.233449477352	-177.447968338846	2198.14519822975	3473.63516376084	0.975092383486807	0.0192087216849685	0.00569889482822464	0.988778231240426	0.008108872049495	0.0031128967100795
10__Main Tower	559.852961672474	-177.338197736928	2190.80272419126	3468.61411307125	0.964726122319818	0.0286915706673274	0.00658230701285462	0.984213060607658	0.0121730380668117	0.00361390132553004
9__Main Tower	560.472473867596	-177.186565483669	2180.27054584	3461.27163903276	0.949963912434205	0.0424991075113941	0.00753698005440082	0.97767111093402	0.0181602572800162	0.00416863178596385
8__Main Tower	561.091986062718	-176.977305338356	2165.54577411641	3450.7394606815	0.929265747067505	0.0622099744421709	0.00852427849032479	0.968383457420491	0.0268520894402245	0.00476445313928416
7__Main Tower	561.71149825784	-176.692060687157	2145.66502120107	3436.01468895791	0.900955403732049	0.089568750153142	0.0094758461148093	0.955417389175842	0.0392077950061216	0.00537481581803637
6__Main Tower	562.331010452962	-176.31292366729	1456.16387409457	3416.13393604257	0.863622256846301	0.126089001145469	0.01028874200823	0.937787928438784	0.0562579073584225	0.00595416420279341
5__Main Tower	562.950522648084	-175.82866511962	1434.70320205845	3390.46451345213	0.81682089499832	0.172346332517122	0.0108327724845578	0.914723054251773	0.078841155453058	0.00643579029516893
4__Main Tower	563.570034843206	-175.42154031938	2815.35260639884	3369.00384141601	0.7788457315503	0.210220006864687	0.0109342615850129	0.895118028743007	0.0982390469346254	0.00664292432236748
3__Main Tower	564.189547038328	-175.140206307696	2794.38790910206	3254.93663158668	0.7534418184915	0.234759126266429	0.0117990552420713	0.881382184709615	0.111339250488855	0.00727856480152992
2__Main Tower	564.80905923345	-174.717017302452	2763.6687292675	3233.9719342899	0.715475697787275	0.271854737810969	0.0126695644017562	0.860096056322686	0.131901832595785	0.00800211108152922
1__Main Tower	565.428571428571	-174.105631008193	2792.25397561523	3203.25275445534	0.662020513346595	0.324652165733817	0.0133273209195882	0.828362859587453	0.162920393269443	0.00871674714310402
