Place	P	T	L	V	x_N2	x_O2	x_Ar	y_N2	y_O2	y_Ar
Condenser	540.028571428571	-178.12096418212	1934.78555863151	1.213586632977E-05	0.99953011548285	2.24276245037162E-06	0.000467641754699982	0.999747953818916	9.27528783527038E-07	0.000251118652300359
42__Main Tower	540.028571428571	-178.118024327921	1934.53377940987	3431.77225843955	0.999123805435287	5.4221449399579E-06	0.000870772419772759	0.99953011548362	2.24276244572052E-06	0.000467641753934286
41__Main Tower	540.648083623693	-178.100055135621	1934.6487170114	3477.45980065112	0.998702345614832	9.69352217599007E-06	0.00128796086299175	0.9993040825294	4.01147385472548E-06	0.000691905996745386
40__Main Tower	541.267595818815	-178.081979560419	1934.75676072123	3477.57473825265	0.998265114994653	1.54281818811881E-05	0.00171945682346609	0.999069609517918	6.38777839185375E-06	0.000924002703690298
39__Main Tower	541.887108013937	-178.063791153178	1934.8574208478	3477.68278196247	0.99781137904959	2.31226033353892E-05	0.00216549834707409	0.998826351396927	9.57827318264902E-06	0.00116407032989002
38__Main Tower	542.506620209059	-178.045482020616	1934.95011936071	3477.78344208905	0.997340250072287	3.34402861678481E-05	0.00262630964154577	0.998573900124686	1.38592175112006E-05	0.00141224065780311
37__Main Tower	543.126132404181	-178.027042330087	1935.03414973006	3477.87614060196	0.996850634103524	4.72674088844831E-05	0.00310209848759172	0.998311762625079	1.9599807320367E-05	0.00166863756760048
36__Main Tower	543.745644599303	-178.008459649001	1935.10861798844	3477.9601709713	0.99634116013214	6.57868306566282E-05	0.00359305303720336	0.998039331311956	2.72931437458597E-05	0.00193337554429805
35__Main Tower	544.365156794425	-177.989718065264	1935.17236960482	3478.03463922968	0.995810085846343	9.05763964662015E-05	0.00409933775719128	0.997755844775693	3.75974057321968E-05	0.00220655781857427
34__Main Tower	544.984668989547	-177.970797018137	1935.22389955165	3478.09839084606	0.995255172414487	0.000123739402324083	0.00462108818318933	0.997460335460827	5.13905405258679E-05	0.00248827399864664
33__Main Tower	545.604181184669	-177.951669746636	1935.26123738419	3478.1499207929	0.99467351842176	0.000168077555756566	0.00515840402248321	0.997151560164408	6.98428390822182E-05	0.00277859699650992
32__Main Tower	546.223693379791	-177.932301233683	1935.28179662637	3478.18725862544	0.994061340041395	0.000227319991831718	0.00571133996677312	0.996827907885506	9.45131387744326E-05	0.0030775789757195
31__Main Tower	546.843205574913	-177.912645486833	1935.28217574402	3478.20781786762	0.993413680590454	0.000306426078354845	0.00627989333119145	0.996487277874172	0.000127476183697665	0.00338524594213062
30__Main Tower	547.462717770035	-177.892641948257	1935.25789530509	3478.20819698526	0.99272402759345	0.000411985104650799	0.00686398730189977	0.996126918562684	0.000171490983394334	0.00370159045392122
29__Main Tower	548.082229965157	-177.872210765412	1935.2030518231	3478.18391654634	0.991983809110829	0.000552742765940885	0.00746344812323058	0.995743215296588	0.000230222973328746	0.00402656173008369
28__Main Tower	548.701742160279	-177.851246576748	1935.10986359509	3478.12907306434	0.991181733143236	0.000740292906240028	0.00807797395052438	0.995331411291121	0.000308536538324739	0.00436005217055419
27__Main Tower	549.321254355401	-177.829610371489	1934.96807728249	3478.03588483634	0.990302924208753	0.000989983497675633	0.00870709229357188	0.994885241898248	0.000412879156193667	0.00470187894555784
26__Main Tower	549.940766550523	-177.807118867768	1934.7641965409	3477.89409852373	0.98932779967972	0.00132209839070746	0.00935010192957253	0.994396456995877	0.00055178416225536	0.00505175884186765
25__Main Tower	550.560278745645	-177.783530720598	1934.48048586512	3477.69021778214	0.988230615482659	0.00176339068967425	0.010005993827667	0.993854200119805	0.000736525937266088	0.00540927394292886
24__Main Tower	551.179790940767	-177.758528727259	1934.0936950978	3477.40650710637	0.986977597337116	0.00234905869300215	0.010673343969882	0.993244206083689	0.000981968972474402	0.00577382494383687
23__Main Tower	551.799303135889	-177.731697060615	1933.57344464708	3477.01971633905	0.98552456216666	0.00312526883943873	0.0113501689939011	0.992547771929691	0.00130766012131372	0.00614456794899527
22__Main Tower	552.418815331011	-177.702492467392	1932.88021256454	3476.49946588832	0.983813929276424	0.00415233727881943	0.012033733444757	0.991740450553281	0.00173921995707964	0.00652032948963917
21__Main Tower	553.038327526133	-177.670208388615	1931.96287908632	3475.80623380579	0.981771030816655	0.00550867374563238	0.012720295437713	0.990790415025083	0.00231009165601859	0.00689949331889874
20__Main Tower	553.657839721255	-177.633931216754	1930.75582397489	3474.88890032757	0.979299670538498	0.00729555304341001	0.0134047764180919	0.989656449497233	0.00306369898763773	0.00727985151512921
19__Main Tower	554.277351916376	-177.592488605145	1929.17565536076	3473.68184521614	0.976276972702299	0.00964268547038035	0.0140803418273204	0.988285548151785	0.00405603983669752	0.00765841201151787
18__Main Tower	554.896864111498	-177.544391214448	1927.1178038171	3472.10167660201	0.972547745611145	0.0127143691217905	0.014737885267065	0.986610160614452	0.0053586836479096	0.00803115573763866
17__Main Tower	555.51637630662	-177.487771990297	1924.45347715167	3470.04382505834	0.967918907513025	0.0167156693524118	0.0153654231345633	0.984545231144858	0.00706202824830918	0.00839274060683304
16__Main Tower	556.135888501742	-177.420331625534	1921.02787788724	3467.37949839292	0.962155047946961	0.0218975165613277	0.0159474354917118	0.981985367606244	0.00927847339456376	0.00873615899919219
15__Main Tower	556.755400696864	-177.339305893215	1916.66115461531	3463.95389912849	0.954976977568987	0.0285587829316164	0.0164642394993964	0.978802776504768	0.0121448499063225	0.00905237358890909
14__Main Tower	557.374912891986	-177.241480304668	1911.15423845485	3459.58717585655	0.946066147050243	0.0370422920785257	0.0168915608712317	0.974847034984409	0.0158229775698873	0.00932998744570355
13__Main Tower	557.994425087108	-177.123289125444	1904.30230143405	3454.08025969609	0.935078921858512	0.0477205015078281	0.0172005766336597	0.969948321723111	0.0204966267722783	0.00955505150461067
12__Main Tower	558.61393728223	-176.981045637881	1895.91858840149	3447.22832267529	0.921675393408743	0.0609657861848934	0.0173588204063633	0.963926278179997	0.0263625477505199	0.00971117406948352
11__Main Tower	559.233449477352	-176.8113507727	1885.87001810312	3438.84460964274	0.905566712567342	0.0771008734857402	0.0173324139469182	0.956606915534078	0.033612925509009	0.00978015895691317
10__Main Tower	559.852961672474	-176.611704872323	1874.12231108389	3428.79603934437	0.886581428361962	0.0963285626841396	0.0170900089538979	0.94784936156186	0.0424072136179471	0.00974342482019319
9__Main Tower	560.472473867596	-176.38128793447	1860.78622568928	3417.04833232514	0.86474377702352	0.118647773203915	0.0166084497725652	0.937582014680257	0.0528336012194103	0.00958438410033295
8__Main Tower	561.091986062718	-176.121773273404	1846.14949755209	3403.71224693052	0.840345861686746	0.143774721881846	0.0158794164314087	0.925843345327789	0.0648649434752249	0.00929171119698641
7__Main Tower	561.71149825784	-175.837924633115	1830.67586491143	3389.07551879334	0.813985614247826	0.171099057216597	0.0149153285355771	0.912816813128986	0.0783202054682733	0.00886298140274046
6__Main Tower	562.331010452962	-175.537667189516	1008.86788795208	3373.60188615267	0.786541789281595	0.199706097835252	0.0137521128831525	0.898844897802148	0.0928474626059882	0.00830763959186382
5__Main Tower	562.950522648084	-175.231406657433	1000.30599518461	3357.88533086747	0.759073542875744	0.228479653379185	0.0124468037450711	0.88440851144102	0.107943501983168	0.00764798657581215
4__Main Tower	563.570034843206	-175.057668049142	2378.6592951627	3349.3234381	0.744342136664888	0.243981223524341	0.0116766398107716	0.876455046310324	0.116302413603691	0.00724254008598466
3__Main Tower	564.189547038328	-174.721722907236	2358.21323417588	3232.96012390838	0.714557999723534	0.272885837285397	0.0125561629910685	0.859620633818998	0.132445155782708	0.0079342103982939
2__Main Tower	564.80905923345	-174.309100154132	2334.22060140331	3212.51406292155	0.678647326308232	0.308123809502268	0.0132288641895	0.838490654808543	0.152953321090746	0.00855602410071159
1__Main Tower	565.428571428571	-173.825092704455	2377.5371720574	3188.52143014899	0.637661668813765	0.348776191112792	0.013562140073443	0.813134086008407	0.177847525385944	0.00901838860564857
