Place	P	T	L	V	x_N2	x_O2	x_Ar	y_N2	y_O2	y_Ar
Condenser	540.028571428571	-178.096944006019	1752.05641716887	1.11849232437514E-05	0.996376893291433	0.00064481456209549	0.00297829214647186	0.998132203442769	0.000267009894269711	0.00160078666296113
42__Main Tower	540.028571428571	-178.070097533341	1750.57589899956	3425.30465673884	0.992909753298313	0.00155500195128635	0.00553524475040061	0.996376893297165	0.000644814560861814	0.00297829214197378
41__Main Tower	540.648083623693	-178.027777926833	1749.40681375717	3475.17261370226	0.989425448698225	0.00265602753796275	0.00791852376381236	0.994630363733	0.00110331037796356	0.00426632588903608
40__Main Tower	541.267595818815	-177.984570498879	1748.19499651189	3474.00352845987	0.985885753075002	0.00398323870262624	0.0101310082223716	0.992876348626679	0.00165760273308787	0.0054660486402332
39__Main Tower	541.887108013937	-177.940073534759	1746.92039868007	3472.79171121458	0.982247037807049	0.00557753658784818	0.0121754256051028	0.991095678539936	0.00232536924539958	0.00657895221466421
38__Main Tower	542.506620209059	-177.89382854001	1745.55926356035	3471.51711338277	0.978459962721209	0.00748586038103327	0.0140541768977576	0.989266534347504	0.00312703557442978	0.00760643007806661
37__Main Tower	543.126132404181	-177.845317242866	1744.08397947253	3470.15597826304	0.974469284608572	0.0097615397775923	0.0157691756138358	0.98736431163591	0.00408600019530606	0.00854968816878341
36__Main Tower	543.745644599303	-177.793960296718	1742.4629162433	3468.68069417522	0.970213869573424	0.0124644204552391	0.0173217099713369	0.985361549798858	0.00522878633442172	0.00940966386672058
35__Main Tower	544.365156794425	-177.739118744834	1740.66025294779	3467.05963094599	0.965627024339277	0.0156606360666422	0.0187123395940806	0.9832279707351	0.00658507147758009	0.0101869577873201
34__Main Tower	544.984668989547	-177.680099631869	1738.63588222346	3465.25696765049	0.96063729318977	0.0194218660723035	0.0199408407379262	0.980930686805703	0.00818752896914732	0.0108817842251497
33__Main Tower	545.604181184669	-177.616167469118	1736.34554073147	3463.23259692616	0.955169896405089	0.0238238864010125	0.0210062171938987	0.978434653088366	0.010071399291834	0.0114939476198002
32__Main Tower	546.223693379791	-177.546563514423	1733.74138204724	3460.94225543416	0.949149004722496	0.0289441980338904	0.0219067972436141	0.975703452364105	0.0122736933618835	0.0120228542740118
31__Main Tower	546.843205574913	-177.47053489836	1730.77326623035	3458.33809674994	0.942501039609671	0.0348585210027439	0.0226404393875854	0.972700508135307	0.0148319214425056	0.0124675704221876
30__Main Tower	547.462717770035	-177.387375344054	1727.39108714879	3455.36998093305	0.935159142895341	0.0416359876925797	0.0232048694120795	0.969390814306448	0.0177822466659214	0.0128269390276306
29__Main Tower	548.082229965157	-177.296478370029	1723.54841956869	3451.98780185148	0.927068849479792	0.0493329841154535	0.0235981664047548	0.965743240318249	0.0211569922340746	0.0130997674476763
28__Main Tower	548.701742160279	-177.197402208983	1718.92960913732	3448.14513427139	0.918194803473702	0.0579857940351978	0.0238194024911002	0.961733406807136	0.0249814983191224	0.0132850948737417
27__Main Tower	549.321254355401	-177.090656546919	1712.9681602399	3443.52632384001	0.90855312297587	0.0675823202757811	0.0238645567483494	0.957350181591393	0.0292681204873564	0.0133816979212511
26__Main Tower	549.940766550523	-176.975544593404	1706.70064696526	3437.56487494259	0.898178677790947	0.0780843365005038	0.0237369857085495	0.952613552753644	0.0340003497099363	0.0133860975364199
25__Main Tower	550.560278745645	-176.852990232336	1700.15077301101	3431.29736166795	0.887136237427557	0.0894175610971417	0.0234462014753008	0.947533863894494	0.039162631078128	0.013303505027378
24__Main Tower	551.179790940767	-176.723895397153	1693.28202936944	3424.7474877137	0.875530019188883	0.101464302770907	0.0230056780402091	0.942146446767255	0.0447143566760854	0.0131391965566596
23__Main Tower	551.799303135889	-176.58959174081	1686.1510651166	3417.87874407214	0.863505406629699	0.114062011694952	0.0224325816753485	0.936507057195494	0.0505927034057243	0.0129002393987815
22__Main Tower	552.418815331011	-176.451788529988	1678.87008948805	3410.74777981929	0.851241736202089	0.127010322617144	0.0217479411807663	0.930690007833649	0.056714198781983	0.0125957933843681
21__Main Tower	553.038327526133	-176.312476543982	1671.58128740569	3403.46680419074	0.838941012114255	0.14008292540816	0.0209760624775854	0.924784282530401	0.0629786888196815	0.0122370286499177
20__Main Tower	553.657839721255	-176.173794363548	1664.43665579466	3396.17800210838	0.826813520042019	0.153043138528009	0.0201433414299727	0.918887764995244	0.0692755331794625	0.011836701825293
19__Main Tower	554.277351916376	-176.037873224569	1657.58151388919	3389.03337049735	0.815062206656586	0.165661099939996	0.0192766934034178	0.913100199602468	0.0754913353707771	0.0114084650267553
18__Main Tower	554.896864111498	-175.906682641923	1651.14198315231	3382.17822859189	0.803868106964628	0.17773002112414	0.0184018719112325	0.907515853916896	0.0815181233121967	0.0109660227709077
17__Main Tower	555.51637630662	-175.781899281033	1645.21699118851	3375.738697855	0.793378900099061	0.189079147612228	0.0175419522887106	0.902216957449263	0.0872607660074168	0.0105222765433206
16__Main Tower	556.135888501742	-175.664816137782	1639.87473119303	3369.81370589121	0.783701949523939	0.19958185206183	0.016716198414231	0.897268818867774	0.0926425905551975	0.0100885905770289
15__Main Tower	556.755400696864	-175.556300081986	1635.15270726181	3364.47144589572	0.774902210749844	0.20915836030086	0.0159394289492953	0.892717144106243	0.0976085802340829	0.00967427565967437
14__Main Tower	557.374912891986	-175.456796323298	1631.06006684596	3359.7494219645	0.767004492061793	0.217773619577976	0.0152218883602312	0.888587626520416	0.102126040091067	0.00928633338851696
13__Main Tower	557.994425087108	-175.366371005477	1627.58103075473	3355.65678154865	0.759998957440342	0.225431503070012	0.0145695394896462	0.884887492432728	0.106183058272364	0.00892944929490787
12__Main Tower	558.61393728223	-175.284779200552	1624.6787804343	3352.17774545742	0.753848531798032	0.232166821983908	0.0139846462180595	0.881608443145371	0.109785372718103	0.00860618413652627
11__Main Tower	559.233449477352	-175.211544892572	1622.30538486413	3349.275495137	0.748496937106058	0.238036555897814	0.0134665069961279	0.878730350591671	0.112952354865554	0.00831729454277533
10__Main Tower	559.852961672474	-175.146155986963	1620.40160028722	3346.90209956682	0.743874966070675	0.243112772915221	0.013012261014104	0.876224891309798	0.115712984717644	0.00806212397255752
9__Main Tower	560.472473867596	-175.087610233656	1618.86151778623	3344.99831498991	0.739911040537076	0.247471491515224	0.0126174679477005	0.874058587452337	0.118102412662761	0.00783899988490134
8__Main Tower	561.091986062718	-175.0353835194	1617.63327448804	3343.45823248892	0.736533288973121	0.25118986506066	0.0122768459662197	0.87219926917879	0.12015526783931	0.00764546298190078
7__Main Tower	561.71149825784	-174.988764142492	1616.66247053144	3342.22998919074	0.733672019540576	0.254343204844418	0.0119847756150061	0.870613058412417	0.121908166201942	0.00747877538564175
6__Main Tower	562.331010452962	-174.947075289798	715.108501240333	3341.25918523413	0.731262352298873	0.257002018390701	0.0117356293104257	0.869267595073664	0.123396341355322	0.00733606357101422
5__Main Tower	562.950522648084	-174.909706387602	714.786544210528	3340.47876849571	0.729246658278707	0.259229358387937	0.0115239833333559	0.86813365073299	0.124651890712277	0.00721445855473251
4__Main Tower	563.570034843206	-174.886833643996	2090.97794437648	3340.1568114659	0.728543172408508	0.260013033435439	0.0114437941560536	0.867715489441473	0.125115779593208	0.00716873096531838
3__Main Tower	564.189547038328	-174.504450473678	2070.92105969315	3221.63159746214	0.694894929394417	0.292637013954394	0.0124680566511892	0.848258095758751	0.143762885256749	0.00797901898450024
2__Main Tower	564.80905923345	-174.098389896634	2050.78690477381	3201.57471277881	0.660097158786009	0.326739593054369	0.0131632481596219	0.827242891459912	0.164137256728051	0.00861985181203715
1__Main Tower	565.428571428571	-173.68779630042	2101.18434771741	3181.44055785946	0.62595165999068	0.360558808878293	0.0134895311310271	0.805649497945817	0.185306877028442	0.00904362502574067
