Place	P	T	L	V	x_N2	x_O2	x_Ar	y_N2	y_O2	y_Ar
Condenser	540.028571428571	-178.120962397239	1934.80303345763	4.0509140573356E-06	0.999529868670233	2.24432963367985E-06	0.000467887000133334	0.99974782146415	9.28177000965696E-07	0.000251250358849027
42__Main Tower	540.028571428571	-178.11802099644	1934.55826367852	3431.79082497538	0.999123345067422	5.42593287398934E-06	0.000871228999704459	0.99952986867049	2.24432963212625E-06	0.000467886999877614
41__Main Tower	540.648083623693	-178.100050180349	1934.67547118738	3477.48564322691	0.998701661453494	9.70031441263143E-06	0.00128863823209335	0.999303715732453	4.01428570722171E-06	0.000692269981840068
40__Main Tower	541.267595818815	-178.081972897031	1934.78266634651	3477.60285073576	0.998264195848042	1.54390400516055E-05	0.00172036511190609	0.999069116751407	6.39227621617393E-06	0.000924490972376622
39__Main Tower	541.887108013937	-178.063782695481	1934.88077031013	3477.7100458949	0.997810213584877	2.31389530300854E-05	0.00216664746209295	0.998825726632964	9.58505001052545E-06	0.00116468831702502
38__Main Tower	542.506620209059	-178.045471682548	1934.97007453971	3477.80814985851	0.997338827124833	3.34640328915058E-05	0.00262770884227587	0.998573137472895	1.38690666131532E-05	0.00141299346049205
37__Main Tower	543.126132404181	-178.027030025494	1935.05033489105	3477.89745408809	0.996848942688164	4.73010927911865E-05	0.00310375621904447	0.99831085635676	1.96137869946185E-05	0.00166952985624494
36__Main Tower	543.745644599303	-178.008445290269	1935.12087300805	3477.97771443944	0.99633918931032	6.58338308813804E-05	0.00359497685879901	0.99803827581241	2.73126629555595E-05	0.00193441152463442
35__Main Tower	544.365156794425	-177.989701561293	1935.18061904557	3478.04825255644	0.995807824520182	9.06411990818485E-05	0.00410153428073646	0.997754634464379	3.76243365305787E-05	0.00220774119909064
34__Main Tower	544.984668989547	-177.970778271725	1935.22809000384	3478.10799859396	0.995252609062062	0.000123827950033867	0.00462356298790382	0.99745896468898	5.14273649517747E-05	0.00248960794606834
33__Main Tower	545.604181184669	-177.951648651106	1935.26130920732	3478.15546955223	0.994670640758404	0.000168197702367114	0.00516116153922863	0.997150023084394	6.9892840327681E-05	0.00278008407527843
32__Main Tower	546.223693379791	-177.932277668506	1935.27766980062	3478.18868875571	0.99405813457927	0.000227482090362222	0.00571438333036747	0.996826198279984	9.45806489415802E-05	0.00307922107107441
31__Main Tower	546.843205574913	-177.912619311923	1935.27373950115	3478.20504934901	0.993410132064263	0.000306643738251144	0.00628322419748596	0.996485388931348	0.00012756690335889	0.00338704416529358
30__Main Tower	547.462717770035	-177.892612996605	1935.24499708899	3478.20111904953	0.992720118218232	0.000412276160708192	0.00686760562105992	0.99612484258349	0.000171612391355376	0.00370354502515484
29__Main Tower	548.082229965157	-177.872178833693	1935.18548390303	3478.17237663738	0.991979517636421	0.000553130508501962	0.00746735185507717	0.995740943319298	0.000230384848217159	0.00402867183248534
28__Main Tower	548.701742160279	-177.851211413515	1935.08734617232	3478.11286345141	0.991177033670111	0.000740807627564509	0.00808215870232486	0.995328932619063	0.000308751616336682	0.0043623157646002
27__Main Tower	549.321254355401	-177.829571662603	1934.94023751405	3478.01472572071	0.990297784735686	0.000990664410193322	0.00871155085412055	0.994882543518624	0.000413163950415817	0.00470429253095991
26__Main Tower	549.940766550523	-177.80707621883	1934.73054215587	3477.86761706244	0.989322180369395	0.00132299596411123	0.00935482366649406	0.994393522883945	0.000552159966460518	0.00505431714959475
25__Main Tower	550.560278745645	-177.783483636446	1934.44037382079	3477.65792170426	0.988224466667798	0.00176456942637735	0.0100109639058242	0.99385101043743	0.00073702002734473	0.00541196953522571
24__Main Tower	551.179790940767	-177.758476589183	1934.04629709755	3477.36775336918	0.986970857355946	0.00235060030110191	0.0106785423429523	0.993240736307485	0.000982615995998315	0.00577664769651629
23__Main Tower	551.799303135889	-177.731639102943	1933.51771354479	3476.97367664593	0.985517155232223	0.00312727564645497	0.0113555691213222	0.992543991989642	0.00130850362097837	0.00614750438937939
22__Main Tower	552.418815331011	-177.702427756893	1932.81485662255	3476.44509309317	0.983805763775917	0.00415493552531739	0.0120393006987657	0.991736324138161	0.00174031389341172	0.00652336196842731
21__Main Tower	553.038327526133	-177.670135812932	1931.88635507232	3475.74223617094	0.981761998739018	0.00551201606162284	0.012725985199359	0.990785899330489	0.00231150166018304	0.00690259900932763
20__Main Tower	553.657839721255	-177.633849492366	1930.66636515351	3474.8137346207	0.979289649177184	0.00729981889250484	0.0134105319303115	0.989651495871161	0.00306550286419496	0.00728300126464405
19__Main Tower	554.277351916376	-177.592396321285	1929.07135671817	3473.5937447019	0.976265830395149	0.00964807761019041	0.0140860919946608	0.988280104342651	0.0040583265290041	0.00766156912834509
18__Main Tower	554.896864111498	-177.544286936855	1926.99679279722	3471.99873626655	0.972535354017585	0.0127211031971333	0.0147435427852815	0.986604175636882	0.00536154947535043	0.00803427488776794
17__Main Tower	555.51637630662	-177.48765445601	1924.31420218243	3469.92417234561	0.967905163600795	0.016723952788071	0.0153708836111333	0.984538664086442	0.00706556877949886	0.0083957671340593
16__Main Tower	556.135888501742	-177.420200063092	1920.86954243064	3467.24158173081	0.962139908979864	0.0219075124502899	0.0159525785698458	0.981978201828006	0.00928276900979074	0.00873902916220289
15__Main Tower	556.755400696864	-177.339160492938	1916.48430123192	3463.79692197903	0.954960511005567	0.028570555646844	0.0164689333475886	0.978795040278501	0.0121499433141629	0.00905501640733588
14__Main Tower	557.374912891986	-177.241322827376	1910.96143185971	3459.4116807803	0.946048592912651	0.0370557355348039	0.0168956715525454	0.974838828065271	0.0158288429551505	0.00933232897957882
13__Main Tower	557.994425087108	-177.123123558719	1904.09875958297	3453.8888114081	0.935060756256668	0.0477352602825001	0.0172039834608323	0.969939843953475	0.0205031337546064	0.00955702229191839
12__Main Tower	558.61393728223	-176.980878681259	1895.71247668461	3447.02613913136	0.921657368453309	0.060981194622638	0.0173614369240525	0.963917850651674	0.0263694294911322	0.009712719857194
11__Main Tower	559.233449477352	-176.811191791022	1885.67201804795	3438.63985623299	0.905549834442069	0.0771159542385307	0.0173342113194	0.95659897842787	0.0336197680362921	0.00978125353583739
10__Main Tower	559.852961672474	-176.611564907518	1873.94413502186	3428.59939759634	0.88656683416942	0.096342131077228	0.0170910347533518	0.9478424300845	0.0424134881410312	0.00974408177446896
9__Main Tower	560.472473867596	-176.381177584922	1860.63812544403	3416.87151457025	0.864732499776044	0.118658667707823	0.0166088325161335	0.937576583311535	0.0528387542684705	0.00958466241999405
8__Main Tower	561.091986062718	-176.121699845995	1846.03749771521	3403.56550499241	0.840338538270664	0.143782113599588	0.0158793481297485	0.925839756520111	0.0648685337671197	0.009291709712769
7__Main Tower	561.71149825784	-175.837889724655	1830.60003806874	3388.9648772636	0.813982263120545	0.171102710701538	0.0149150261779172	0.912815141350554	0.0783220380429385	0.00886282060650713
6__Main Tower	562.331010452962	-175.53766609597	1008.85441747953	3373.52741761713	0.786541793321654	0.199706434752324	0.0137517719260223	0.898844914397104	0.0928476495924788	0.00830743601041734
5__Main Tower	562.950522648084	-175.23142393372	1000.31433029473	3357.85267133442	0.759075254214702	0.228478153483502	0.0124465923017963	0.884409438254073	0.107942711512118	0.00764785023380929
4__Main Tower	563.570034843206	-175.057681437438	2378.66926279625	3349.31258414962	0.744343424732459	0.243980027134335	0.0116765481332061	0.876455754092714	0.116301767782239	0.00724247812504646
3__Main Tower	564.189547038328	-174.721741673479	2358.22643347686	3232.95090248142	0.714559762261801	0.272884163404929	0.0125560743332696	0.859621632563427	0.132444221032403	0.00793414640416966
2__Main Tower	564.80905923345	-174.309119922025	2334.23697384461	3212.50807316203	0.678649136804431	0.308122066916162	0.013228796279407	0.838491722271774	0.152952306690891	0.00855597103733477
1__Main Tower	565.428571428571	-173.825106634092	2377.5563611179	3188.51861352977	0.637662907533183	0.348774986828841	0.013562105637976	0.813134853222429	0.177846787935131	0.00901835884244026
