Place	P	T	L	V	x_N2	x_O2	x_Ar	y_N2	y_O2	y_Ar
Condenser	542.885714285714	-177.785434145222	1538.8898680284	5.51766889516462E-06	0.96982569146578	0.0260763370149629	0.00409797151925739	0.986821529045591	0.010945308697656	0.0022331622567531
42__Main Tower	542.885714285714	-177.433376531007	1519.32488987861	3388.11981667449	0.931598921206392	0.0610200728963762	0.00738100589723206	0.969825691493458	0.0260763369903215	0.00409797151622049
41__Main Tower	543.505226480836	-177.069768936033	1501.58738882559	3425.30414045251	0.89467343377195	0.0955120369432392	0.00981452928481055	0.952869858921304	0.041575949723245	0.00555419135545078
40__Main Tower	544.124738675958	-176.725238135927	1486.14522142216	3407.56663939949	0.860615186611438	0.12790557749882	0.0114792358897412	0.936708897506509	0.0566740574105544	0.00661704508293642
39__Main Tower	544.74425087108	-176.412390604051	1473.35842686305	3392.12447199606	0.830537976481094	0.156956276238987	0.0125057472799186	0.921978782791604	0.0706893930247253	0.0073318241836708
38__Main Tower	545.363763066202	-176.138942863465	1463.19924975824	3379.33767743696	0.80498315592683	0.181970212398933	0.0130466316742373	0.909097599713941	0.0831387201457328	0.00776368014032624
37__Main Tower	545.983275261324	-175.907482569977	1455.37586558195	3369.17850033214	0.783969284607491	0.202781552584251	0.0132491628082576	0.898236289417265	0.0937794288506599	0.00798428173207499
36__Main Tower	546.602787456446	-175.71646067403	1449.46836044065	3361.35511615585	0.76714375341583	0.219618938948347	0.0132373076358223	0.889354893361197	0.10258491676634	0.00806018987246257
35__Main Tower	547.222299651568	-175.561708706267	1445.04163178157	3355.44761101455	0.75395439222338	0.232940871433213	0.0131047363434072	0.882272229037553	0.109681837781548	0.00804593318089875
34__Main Tower	547.84181184669	-175.437864741737	1441.71065975211	3351.02088235548	0.743787746850162	0.243296218261713	0.0129160348881252	0.87673674174923	0.115281350884789	0.00798190736598124
33__Main Tower	548.461324041812	-175.339407203143	1439.16690532319	3347.68991032602	0.736057392841843	0.25123054090541	0.0127120662527465	0.872480560078235	0.119623895662096	0.00789554425966887
32__Main Tower	549.080836236934	-175.261259091955	1437.1796429563	3345.14615589709	0.730248374835088	0.257235279951706	0.0125163452132058	0.869252627354712	0.122943398616263	0.00780397402902515
31__Main Tower	549.700348432056	-175.199057691313	1435.58481724853	3343.15889353021	0.725931695149595	0.261727587378334	0.0123407174720709	0.866834582384273	0.125448498964554	0.00771691865117314
30__Main Tower	550.319860627178	-175.149212305966	1434.26997154632	3341.56406782243	0.722761879998291	0.265048386093305	0.0121897339084042	0.865045262023826	0.127315562190991	0.00763917578518228
29__Main Tower	550.9393728223	-175.108849913777	1433.15993178756	3340.24922212023	0.720466800998974	0.267469478686492	0.0120637203145339	0.863738935004139	0.128688570760058	0.00757249423580268
28__Main Tower	551.558885017422	-175.075714287669	1432.20516583096	3339.13918236147	0.718835176215403	0.269204035998217	0.0119607877863809	0.862800751551791	0.129682374221955	0.00751687422625384
27__Main Tower	552.178397212544	-175.048055475647	1431.37316901355	3338.18441640486	0.717704500910249	0.270417425830872	0.0118780732588791	0.862141433324057	0.130387154788936	0.00747141188700681
26__Main Tower	552.797909407666	-175.024527428292	1430.64247160758	3337.35241958746	0.716950548248821	0.271236992171122	0.0118124595800569	0.861692218570459	0.130872964569507	0.00743481686003355
25__Main Tower	553.417421602788	-175.004100550496	1429.99864800315	3336.62172218148	0.716478729993943	0.271760307708557	0.0117609622975005	0.861400478802429	0.131193810541252	0.00740571065631842
24__Main Tower	554.03693379791	-174.985990310105	1429.43173211818	3335.97789857705	0.716217213669064	0.272061873450235	0.011720912880701	0.861226107385917	0.131391107233571	0.00738278538051247
23__Main Tower	554.656445993032	-174.969600522396	1428.93456959365	3335.41098269209	0.716111545709791	0.272198430736552	0.011690023553657	0.861138633863999	0.131496488583213	0.00736487755278829
22__Main Tower	555.275958188153	-174.954479058139	1428.49890659247	3334.91382016756	0.71612050226908	0.272213110351558	0.0116663873793625	0.86111496215761	0.131534045051626	0.00735099279076378
21__Main Tower	555.895470383275	-174.940285993051	1428.12894321639	3334.47815716638	0.716213128612979	0.272138429486508	0.0116484419005128	0.86113774445072	0.131521955467426	0.00734030008185413
20__Main Tower	556.514982578397	-174.926757349284	1427.81366743355	3334.1081937903	0.716365486361748	0.271999572475546	0.0116349411627065	0.861193511516552	0.13147435518864	0.00733213329480815
19__Main Tower	557.134494773519	-174.913701006614	1427.55231213067	3333.79291800745	0.71655997712128	0.271815141538638	0.0116248813400814	0.86127247481338	0.131401582247974	0.00732594293864554
18__Main Tower	557.754006968641	-174.900969452807	1427.3418031326	3333.53156270458	0.716783219533498	0.271599306763986	0.0116174737025165	0.861367124567666	0.13131157834818	0.00732129708415376
17__Main Tower	558.373519163763	-174.888452571675	1427.17922021948	3333.32105370651	0.717025189533108	0.271362711292326	0.0116120991745661	0.861471862883924	0.1312102837968	0.00731785331927674
16__Main Tower	558.993031358885	-174.87606833515	1427.06176683595	3333.15847079339	0.717278416994258	0.271113308531383	0.0116082744743592	0.861582526226133	0.131102131424137	0.00731534234972943
15__Main Tower	559.612543554007	-174.863756084079	1426.98671371651	3333.04101740985	0.717537373404188	0.270857002542427	0.0116056240533855	0.86169604117373	0.130990405459044	0.00731355336722635
14__Main Tower	560.232055749129	-174.851471431284	1426.95137725788	3332.96596429042	0.717798008255511	0.270598134558465	0.0116038571860246	0.861810163656129	0.130877514446685	0.00731232189718571
13__Main Tower	560.851567944251	-174.839182382915	1426.95310114578	3332.93062783179	0.718057396688361	0.270339853756982	0.0116027495546579	0.861923280726852	0.130765199356024	0.00731151991712474
12__Main Tower	561.471080139373	-174.826866390895	1426.98923744726	3332.93235171969	0.718313471955235	0.270084399455148	0.0116021285896176	0.862034260078909	0.130654692002297	0.00731104791879435
11__Main Tower	562.090592334495	-174.814508118233	1427.05712987974	3332.96848802117	0.718564822698905	0.269833315418964	0.0116018618821306	0.862142336065753	0.130546835346721	0.0073108285875262
10__Main Tower	562.710104529617	-174.802097747008	1427.15410358382	3333.03638045365	0.71881053951758	0.269587612399552	0.0116018480828673	0.862247023485745	0.130442174707122	0.00731080180713288
9__Main Tower	563.329616724739	-174.789629695323	1427.27746604682	3333.13335415773	0.719050098647476	0.269347891556877	0.0116020097956476	0.862348052258102	0.130341026999736	0.00731092074216262
8__Main Tower	563.949128919861	-174.777101637284	1427.42451932462	3333.25671662073	0.719283273077541	0.269114438855959	0.0116022880665007	0.86244531755578	0.130243533652303	0.00731114879191614
7__Main Tower	564.568641114983	-174.764513744788	1427.59258455213	3333.40376989853	0.719510063782093	0.268887298081673	0.0116026381362341	0.862538841228073	0.130149701527785	0.00731145724414242
6__Main Tower	565.188153310105	-174.751868088895	431.991671449864	3333.57183512603	0.719730645376113	0.268666328433956	0.0116030261899313	0.862628741330195	0.130059435182943	0.00731182348686168
5__Main Tower	565.807665505227	-174.739194274374	431.94289521997	3333.72637642762	0.719947719290545	0.268448901421664	0.0116033792877903	0.862716576070395	0.129971235340605	0.0073121885890009
4__Main Tower	566.427177700349	-174.725416578509	1805.90926303851	3333.67760019773	0.720063624742356	0.26833402298093	0.0116023522767137	0.862746794304365	0.129941034136707	0.00731217155892884
3__Main Tower	567.046689895471	-174.277351252312	1785.78837073572	3212.92735384655	0.680796353391873	0.306496970403521	0.0127066762046063	0.839692252160564	0.152095155710703	0.00821259212873323
2__Main Tower	567.666202090593	-173.870502172903	1768.79470290977	3192.80646154376	0.646361753972781	0.340320030819998	0.0133182152072214	0.818483324336338	0.172707779358018	0.00880889630564392
1__Main Tower	568.285714285714	-173.519666657316	1824.81990999503	3175.81279371781	0.617675512752394	0.368795994060181	0.0135284931874254	0.800041453166547	0.190829905808097	0.00912864102535641
