Place	P	T	L	V	x_N2	x_O2	x_Ar	y_N2	y_O2	y_Ar
Condenser	542.885714285714	-178.054772953144	2023.75693636604	4.66994614651165E-06	0.999874899377778	3.38404321385768E-07	0.000124762217900767	0.999932804681566	1.40141001355843E-07	6.70551774326735E-05
42__Main Tower	542.885714285714	-178.053992694163	2023.62652696419	3432.68803566336	0.999767057542187	8.17125152488974E-07	0.000232125332660786	0.999874899377857	3.38404321116043E-07	0.00012476221782226
41__Main Tower	543.505226480836	-178.038288465792	2023.88172848696	3475.79471235093	0.999650170170775	1.48957541827053E-06	0.00034834025380725	0.999812113276467	6.17118184563842E-07	0.000187269605348296
40__Main Tower	544.124738675958	-178.022524691446	2024.13266373912	3476.0499138737	0.999523470659004	2.43376101278096E-06	0.00047409557998319	0.999744053921899	1.00865768544447E-06	0.000254937420415333
39__Main Tower	544.74425087108	-178.006694937765	2024.37892650272	3476.30084912586	0.999386110958135	3.75896313175171E-06	0.000610130078733549	0.999670274295184	1.55845980690748E-06	0.000328167245008751
38__Main Tower	545.363763066202	-177.990791975661	2024.62005502886	3476.54711188946	0.999237145919464	5.61821993864922E-06	0.00075723586059736	0.999590279913659	2.33018149246144E-06	0.000407389904848663
37__Main Tower	545.983275261324	-177.974807595136	2024.85551895006	3476.7882404156	0.999075512578141	8.22576407118472E-06	0.000916261657787836	0.999503519715772	3.41297195261741E-06	0.000493067312275663
36__Main Tower	546.602787456446	-177.958732355704	2025.08470021345	3477.0237043368	0.998900002448151	1.18813721222572E-05	0.0010881161797266	0.999409374000218	4.93163269036913E-06	0.000585694367091857
35__Main Tower	547.222299651568	-177.942555247548	2025.30686683306	3477.2528856002	0.998709224149064	1.70043488212367E-05	0.00127377150211458	0.999307138297077	7.06080509484258E-06	0.000685800897828093
34__Main Tower	547.84181184669	-177.926263228883	2025.5211370072	3477.4750522198	0.99850155264374	2.41809328209255E-05	0.00147426642343892	0.999196001611587	1.00447721112346E-05	0.00079395361630198
33__Main Tower	548.461324041812	-177.909840591543	2025.72642989133	3477.68932239394	0.998275059924184	3.42303866601086E-05	0.00169070968915621	0.999075016875322	1.42250804898403E-05	0.000910758044187838
32__Main Tower	549.080836236934	-177.893268088237	2025.92139784405	3477.89461527807	0.998027419989105	4.82970770464457E-05	0.00192428293384817	0.998943060600887	2.00790497343964E-05	0.00103686034937826
31__Main Tower	549.700348432056	-177.876521729197	2026.10433293752	3478.08958323079	0.997755778205492	6.79786771222777E-05	0.00217624311738584	0.998798777577075	2.82734240958647E-05	0.00117294899882955
30__Main Tower	550.319860627178	-177.859571120528	2026.27303779677	3478.27251832426	0.99745657135818	9.55045212327296E-05	0.00244792412058687	0.998640504842475	3.97390691859233E-05	0.00131975608833932
29__Main Tower	550.9393728223	-177.842377167784	2026.42464705454	3478.44122318352	0.997125279489835	0.000133983508931471	0.00274073700123305	0.998466166974963	5.5774884179985E-05	0.00147805814085685
28__Main Tower	551.558885017422	-177.824888901427	2026.55538058586	3478.59283244128	0.996756083517445	0.00018774831624599	0.00305616816630874	0.998273131715084	7.81922225128807E-05	0.00164867606240337
27__Main Tower	552.178397212544	-177.807039089469	2026.66020268044	3478.7235659726	0.996341392922087	0.000262832725702653	0.00339577435221052	0.998058010814293	0.00010951539357687	0.0018324737921298
26__Main Tower	552.797909407666	-177.788738178539	2026.73235191223	3478.82838806718	0.995871194700517	0.000367632534633908	0.00376117276484918	0.997816385386702	0.00015325965688931	0.00203035495640911
25__Main Tower	553.417421602788	-177.769865937413	2026.76269391184	3478.90053729897	0.995332157190234	0.000513818875613229	0.00415402393415309	0.997542427463265	0.000214316035641906	0.00224325650109302
24__Main Tower	554.03693379791	-177.750259953987	2026.73883274353	3478.93087929858	0.994706399103511	0.000717597230846407	0.00457600366564287	0.997228379307981	0.000299482911462461	0.00247213778055668
23__Main Tower	554.656445993032	-177.729699843891	2026.64389549414	3478.90701813027	0.99396980383745	0.00100143740045986	0.0050287587620897	0.996863838674506	0.000418198470505812	0.00271796285498826
22__Main Tower	555.275958188153	-177.707885652861	2026.45487850944	3478.81208088088	0.993089720829703	0.00139644045102305	0.0055138387192736	0.996434780868758	0.0005835464426224	0.00298167268861966
21__Main Tower	555.895470383275	-177.684408469055	2026.14041329781	3478.62306389618	0.992021849343806	0.00194555857074841	0.00603259208544581	0.995922226749135	0.000813630833960466	0.00326414241690488
20__Main Tower	556.514982578397	-177.658710716711	2025.65777855432	3478.30859868455	0.990706047998424	0.00270794072556104	0.00658601127601518	0.995300439812222	0.0011334434984034	0.00356611668937432
19__Main Tower	557.134494773519	-177.630033032256	2024.94896012478	3477.82596394106	0.989060763353786	0.00376473362401478	0.00717450302219864	0.994534507043805	0.0015773798549622	0.00388811310123299
18__Main Tower	557.754006968641	-177.597344167112	2023.93556084867	3477.11714551152	0.986975741348273	0.00522670550544628	0.0077975531462806	0.993577132411709	0.00219258786461229	0.00423027972367904
17__Main Tower	558.373519163763	-177.559250322703	2022.51242194112	3476.10374623541	0.984302714646759	0.00724404096031417	0.00845324439292726	0.992364460522516	0.00304335179006139	0.00459218768742255
16__Main Tower	558.993031358885	-177.513881303826	2020.54000036734	3474.68060732786	0.980843920116181	0.0100185035347874	0.00913757634903171	0.990810775041125	0.00421669094315453	0.00497253401572
15__Main Tower	559.612543554007	-177.458753973883	2017.83595937678	3472.70818575408	0.976338722779188	0.013817745580384	0.00984353164042814	0.988802026914238	0.00582924837707091	0.00536872470869059
14__Main Tower	560.232055749129	-177.390620549403	2014.16723065284	3470.00414476352	0.970449513928919	0.0189906435103568	0.0105598425607244	0.986188419043663	0.00803527435887457	0.00577630659746255
13__Main Tower	560.851567944251	-177.305323034943	2009.24518965323	3466.33541603958	0.962749704590191	0.0259808394395841	0.0112694559702251	0.98277682893546	0.0110349457500746	0.00618822531446569
12__Main Tower	561.471080139373	-177.197698938977	2002.72867603307	3461.41337503997	0.952719363097395	0.0353328340710599	0.0119478028315456	0.978324852920017	0.0150812290908545	0.00659391798912807
11__Main Tower	562.090592334495	-177.061619618929	1994.24216465264	3454.89686141981	0.939757925515405	0.047680881126357	0.0125611933582378	0.972539859134823	0.0204818187801236	0.00697832208505306
10__Main Tower	562.710104529617	-176.890287719109	1983.41832051227	3446.41035003938	0.923227668696822	0.063706320609978	0.0130660106931999	0.965088616866173	0.0275903636979482	0.00732101943587915
9__Main Tower	563.329616724739	-176.676955760289	1969.97271983527	3435.58650589901	0.902543585458133	0.0840465871225581	0.0134098274193092	0.955625243230906	0.0367788075291624	0.00759594923993156
8__Main Tower	563.949128919861	-176.416208905062	1953.80937287982	3422.14090522201	0.877319313972179	0.109144783998017	0.0135359020298034	0.943845636259312	0.0483819865494243	0.00777237719126399
7__Main Tower	564.568641114983	-176.105808922237	1935.13568130147	3405.97755826656	0.847557413355831	0.139050363011166	0.0133922236330035	0.929571954814096	0.0626100993762239	0.00781794580967989
6__Main Tower	565.188153310105	-175.74876597548	1155.86287946004	3387.30386668821	0.813833242844623	0.173222054904373	0.0129447022510038	0.912857314393553	0.07943834417309	0.00770434143335655
5__Main Tower	565.807665505227	-175.354858330448	1142.7895482078	3366.70778275186	0.777381065674023	0.210427809137345	0.0121911251886323	0.894078928602816	0.0985060171751202	0.00741505422206374
4__Main Tower	566.427177700349	-175.098752357582	2523.14434230348	3353.63445149962	0.75468185255752	0.233748054514819	0.0115700929276603	0.881970247935386	0.110893043895031	0.00713670816958312
3__Main Tower	567.046689895471	-174.782086615489	2502.44797266744	3239.27263142559	0.726474575829438	0.261098947192792	0.0124264769777697	0.866228839921539	0.125971793219821	0.00779936685864014
2__Main Tower	567.666202090593	-174.365521063983	2476.3053322647	3218.57626178955	0.689907010416231	0.296954820389084	0.0131381691946853	0.845014918228591	0.146544121853746	0.00844095991766315
1__Main Tower	568.285714285714	-173.841267599239	2515.70971168097	3192.4336213868	0.645093142003734	0.341372121093952	0.0135347369023129	0.817620926669852	0.173418705497079	0.00896036783306962
