Place	P	T	L	V	x_N2	x_O2	x_Ar	y_N2	y_O2	y_Ar
Condenser	542.885714285714	-178.04488985351	1842.47320566491	5.00067029483223E-06	0.99851380259633	2.31418704009884E-05	0.0014630555332692	0.999203809675302	9.5886107211953E-06	0.000786601713976934
42__Main Tower	542.885714285714	-178.035495707732	1841.87584448292	3427.52959394515	0.997223805296594	5.58244684709216E-05	0.00272037023493524	0.998513802597336	2.31418703812145E-05	0.00146305553228227
41__Main Tower	543.505226480836	-178.01129671568	1841.63504832689	3475.57422806298	0.99594527005833	9.7525703376402E-05	0.00395720423829333	0.99783017027936	4.04619688656286E-05	0.0021293677517747
40__Main Tower	544.124738675958	-177.98715164372	1841.39519164727	3475.33343190695	0.994676918244172	0.000150664035200862	0.00517241772062681	0.997152695918674	6.25590591259596E-05	0.00278474502219989
39__Main Tower	544.74425087108	-177.963040482781	1841.15468453846	3475.09357522733	0.993416788775312	0.000218293549000351	0.00636491767568752	0.996480700396195	9.07137777292219E-05	0.00342858582607605
38__Main Tower	545.363763066202	-177.938935542038	1840.91142217687	3474.85306811851	0.992162083684046	0.00030426717388161	0.00753364914207287	0.995813144270277	0.000126543199935354	0.00406031252978767
37__Main Tower	545.983275261324	-177.914799633044	1840.66266523847	3474.60980575693	0.990908976608872	0.000413440489314037	0.00867758290181425	0.995148546482332	0.000172087165298335	0.00467936635237003
36__Main Tower	546.602787456446	-177.890583814633	1840.4048882552	3474.36104881853	0.989652375470317	0.000551925657487793	0.00979569887219469	0.99448488358919	0.000229916032891368	0.00528520037791827
35__Main Tower	547.222299651568	-177.866224596516	1840.13358991027	3474.10327183526	0.98838562879212	0.000727406985708258	0.0108869642221712	0.993819464944267	0.000303264880676908	0.00587727017505607
34__Main Tower	547.84181184669	-177.841640479398	1839.84305784363	3473.83197349033	0.987100163143727	0.000949531836283727	0.0119503050199889	0.993148778334851	0.000396200183151822	0.00645502148199685
33__Main Tower	548.461324041812	-177.816727687512	1839.52607879496	3473.54144142368	0.985785037047245	0.001230392992371	0.0129845699603844	0.992468299566576	0.00051382614069374	0.00701787429272995
32__Main Tower	549.080836236934	-177.791354926753	1839.17358360174	3473.22446237502	0.984426394568461	0.00158512099892691	0.0139884844326122	0.991772258412083	0.000662539049162938	0.0075652025387545
31__Main Tower	549.700348432056	-177.765356980412	1838.77421546044	3472.8719671818	0.983006799981958	0.00203260712811417	0.0149605928899283	0.991053352298244	0.000850339296162875	0.00809630840559334
30__Main Tower	550.319860627178	-177.738526939048	1838.31380952797	3472.4725990405	0.981504433858734	0.0025963789428837	0.0158991871983822	0.990302398258463	0.00108721157787652	0.00861039016366077
29__Main Tower	550.9393728223	-177.710606858134	1837.77477282905	3472.01219310803	0.979892131483791	0.00330565008040763	0.0168022184358014	0.989507913302437	0.00138558444904615	0.00910650224851662
28__Main Tower	551.558885017422	-177.68127665805	1837.13535643007	3471.47315640911	0.978136247955488	0.00419656246519662	0.0176671895793155	0.988655613910105	0.00176087985888244	0.00958350623101212
27__Main Tower	552.178397212544	-177.65014114283	1836.36881846062	3470.83374001013	0.976195342605958	0.00531363057304436	0.0184910268209979	0.987727827551421	0.00223216111655518	0.0100400113320238
26__Main Tower	552.797909407666	-177.616715142737	1835.4424888775	3470.06720204068	0.974018691381731	0.00671138048454659	0.019269928133722	0.986702814044068	0.00282288260227222	0.0104743033536595
25__Main Tower	553.417421602788	-177.5804070178	1834.31676727526	3469.14087245756	0.971544663557049	0.00845614690339563	0.0199991895395553	0.985554003746275	0.00356173478991796	0.0108842614638072
24__Main Tower	554.03693379791	-177.540501144773	1832.94411813552	3468.01515085532	0.968699043931297	0.0106279432447246	0.0206730128239783	0.984249175199004	0.00448356140653102	0.0112672633944647
23__Main Tower	554.656445993032	-177.496140611196	1831.26817644386	3466.64250171558	0.965393449900878	0.013322246232389	0.0212843038667326	0.982749619673471	0.00563029873568883	0.0116200815908404
22__Main Tower	555.275958188153	-177.446312226974	1829.22314697331	3464.96656002392	0.961524091117538	0.0166514297699782	0.0218244791124842	0.981009377422351	0.00705184652637826	0.0119387760512707
21__Main Tower	555.895470383275	-177.389837195394	1826.73377184137	3462.92153055337	0.956971252359015	0.0207454378940594	0.0222833097469258	0.978974683434551	0.00880672210807202	0.012218594457377
20__Main Tower	556.514982578397	-177.325372373879	1823.71625273059	3460.43215542143	0.951600045543949	0.0257511052187739	0.0226488492372769	0.976583830825455	0.0109622720935254	0.0124538970810199
19__Main Tower	557.134494773519	-177.251428896432	1820.08062788586	3457.41463631065	0.945263157602509	0.0318293330518958	0.0229075093455954	0.973767745148942	0.013594121878192	0.0126381329728656
18__Main Tower	557.754006968641	-177.166416700778	1815.73518613033	3453.77901146592	0.937806473957088	0.0391491563902339	0.0230443696526777	0.970451651818755	0.0167844436861861	0.0127639044950594
17__Main Tower	558.373519163763	-177.068724526333	1810.59348234923	3449.43356971039	0.929078499911989	0.0478776805193362	0.0230438195686753	0.966558285716495	0.0206185468320924	0.0128231674514125
16__Main Tower	558.993031358885	-176.956844083781	1804.58430413785	3444.29186592929	0.918944304518766	0.0581650670996254	0.0228906283816086	0.96201309029453	0.0251792898251114	0.0128076198803588
15__Main Tower	559.612543554007	-176.829542779601	1797.66441307699	3438.28268771791	0.907304110491993	0.0701243874962972	0.0225715020117095	0.956751713682488	0.030538958983329	0.0127093273341833
14__Main Tower	560.232055749129	-176.68608001957	1789.8329717142	3431.36279665705	0.894115511889825	0.0838073902947462	0.0220770978154285	0.950729750796294	0.0367486419244161	0.0125216072792898
13__Main Tower	560.851567944251	-176.526447076122	1781.14534007957	3423.53135529426	0.879416628305404	0.0991790485852002	0.0214043231093956	0.943934047512549	0.0438258107456883	0.0122401417417633
12__Main Tower	561.471080139373	-176.351591639799	1771.72272297319	3414.84372365962	0.863345623944408	0.116095819736748	0.0205585563188443	0.936394012009225	0.051741784209058	0.0118642037817174
11__Main Tower	562.090592334495	-176.163571275467	1761.75361249236	3405.42110655325	0.84615068035957	0.134294060207587	0.0195552594328427	0.928190478095825	0.0604117383045819	0.0113977835995927
10__Main Tower	562.710104529617	-175.965574602648	1751.48384115505	3395.45199607242	0.828184753045305	0.153394854414428	0.0184203925402674	0.919459149101531	0.0696905309858297	0.0108503199126391
9__Main Tower	563.329616724739	-175.761764817259	1741.19469216756	3385.18222473511	0.809882072142062	0.1729287364359	0.0171891914220374	0.910386027440071	0.0793772381575194	0.0102367344024093
8__Main Tower	563.949128919861	-175.55694015081	1731.17231027953	3374.89307574762	0.791718169291468	0.192378578708176	0.0159032520003558	0.901193810387364	0.0892296135263251	0.00957657608631143
7__Main Tower	564.568641114983	-175.3560600365	1721.67504444208	3364.87069385959	0.774160593702976	0.211233031874197	0.0146063744228269	0.892120747162166	0.0989869465101717	0.00889230632766212
6__Main Tower	565.188153310105	-175.163732078749	859.414067690823	3355.37342802213	0.757620923095461	0.229039039674916	0.0133400372296228	0.883395968717442	0.108397009804728	0.0082070214778298
5__Main Tower	565.807665505227	-174.983770320582	855.408785880803	3346.60503579187	0.742418321768498	0.245442188315836	0.0121394899156662	0.875216606975406	0.117241292986559	0.00754210003803473
4__Main Tower	566.427177700349	-174.893879237686	2233.95841751909	3342.59975398185	0.735576271124919	0.252842853443936	0.011580875431145	0.871467000138747	0.121305080751205	0.00722791911004833
3__Main Tower	567.046689895471	-174.536633203876	2213.75507618984	3226.43277145043	0.704066398530619	0.283413663346015	0.0125199381233653	0.853418774859308	0.138610735303056	0.00797048983763581
2__Main Tower	567.666202090593	-174.128568461928	2191.81985428683	3206.22943012117	0.668872800559329	0.317931687951032	0.0131955114896391	0.832405204387173	0.158998675890305	0.00859611972252258
1__Main Tower	568.285714285714	-173.684025309776	2239.36364687173	3184.29420821817	0.631606086431226	0.354874146582843	0.0135197669859309	0.809064745958358	0.181901151771434	0.00903410227020841
