Place	P	T	L	V	x_N2	x_O2	x_Ar	y_N2	y_O2	y_Ar
Condenser	542.885714285714	-178.055628567122	2203.82916701415	8.02498450664392E-05	0.999993215809585	1.03667051105721E-08	6.77382371020091E-06	0.999996355125802	4.29289557986752E-09	3.64058130215079E-06
42__Main Tower	542.885714285714	-178.055586092254	2203.74092679841	3436.4588675514	0.99998737131551	2.50339898682481E-08	1.26036505001295E-05	0.999993215809658	1.03667049687336E-08	6.77382363703192E-06
41__Main Tower	543.505226480836	-178.040677445151	2204.07715726981	3474.19743717143	0.999980472414684	4.74856232033948E-08	1.94800996923019E-05	0.999989508550349	1.96704064105839E-08	1.04717792441735E-05
40__Main Tower	544.124738675958	-178.025774629376	2204.42393702683	3474.53366764283	0.999972328908643	8.18422046634802E-08	2.75892491526374E-05	0.999985132012437	3.39131625071629E-08	1.48340744001602E-05
39__Main Tower	544.74425087108	-178.010872119683	2204.77581233104	3474.88044739985	0.999962715575351	1.34400634681349E-07	3.71500240141549E-05	0.999979965401449	5.57099346166383E-08	1.99788886167733E-05
38__Main Tower	545.363763066202	-177.995969289791	2205.12655443585	3475.23232270406	0.999951365230482	2.1478114346126E-07	4.84199883743009E-05	0.999973865684986	8.90569859147199E-08	2.60452580281113E-05
37__Main Tower	545.983275261324	-177.981063779756	2205.4669253266	3475.58306480887	0.99993796026542	3.37676980846859E-07	6.17020575989755E-05	0.999966663193427	1.40059967282453E-07	3.31967466053138E-05
36__Main Tower	546.602787456446	-177.966152771521	2205.78833758697	3475.92343569962	0.999922122138525	5.2552272933829E-07	7.7352338745064E-05	0.999958156270128	2.18044463357231E-07	4.16256854082716E-05
35__Main Tower	547.222299651568	-177.951232884608	2206.08855313648	3476.24484795999	0.999903398131028	8.12562178089938E-07	9.57893067933934E-05	0.999948104605656	3.37249649058904E-07	5.15581446953174E-05
34__Main Tower	547.84181184669	-177.936300040177	2206.37386218746	3476.5450635095	0.999881244326374	1.25104857005056E-06	0.000117504625056224	0.99993622079049	5.19410660386793E-07	6.32597988493516E-05
33__Main Tower	548.461324041812	-177.921349280715	2206.65626314561	3476.83037256048	0.999855003360234	1.92069328154258E-06	0.000143075946484549	0.999922159437217	7.97695318897632E-07	7.70428674642119E-05
32__Main Tower	549.080836236934	-177.906374527367	2206.94766334724	3477.11277351863	0.999823874925224	2.94306152501837E-06	0.000173182013250622	0.999905502989606	1.22270417548219E-06	9.32743062187059E-05
31__Main Tower	549.700348432056	-177.891368248968	2207.25482042485	3477.40417372026	0.999786876155463	4.50349829222608E-06	0.00020862034624501	0.999885742979242	1.87161252419779E-06	0.000112385408233309
30__Main Tower	550.319860627178	-177.876321004206	2207.57759904371	3477.71133079787	0.99974278764509	6.88451081405619E-06	0.000250327844096106	0.999862254912423	2.86209458319635E-06	0.000134882992993819
29__Main Tower	550.9393728223	-177.8612207988	2207.91052055883	3478.03410941673	0.999690078714336	1.05165728116488E-05	0.000299404712852812	0.999834264060274	4.37352303699563E-06	0.000161362416688927
28__Main Tower	551.558885017422	-177.846052169988	2208.24576534914	3478.36703093185	0.999626802305678	1.60554103591217E-05	0.000357142283963284	0.999800798052756	6.6792325226083E-06	0.000192522714721037
27__Main Tower	552.178397212544	-177.830794866436	2208.57575021304	3478.70227572216	0.999550445086813	2.44995221270989E-05	0.00042505539106026	0.999760620144885	1.01956015700184E-05	0.000229184253545259
26__Main Tower	552.797909407666	-177.815421925453	2208.89437067834	3479.03226058606	0.999457711167064	3.73687963468495E-05	0.000504920036589365	0.999712134000703	1.55566884280939E-05	0.000272309310869097
25__Main Tower	553.417421602788	-177.799896849827	2209.19692923163	3479.35088105136	0.999344207070861	5.69758437145373E-05	0.000598817085424361	0.999653246306502	2.37276713845374E-05	0.000323026022113604
24__Main Tower	554.03693379791	-177.784169436385	2209.47917849064	3479.65343960465	0.999203979416508	8.68379143865689E-05	0.000709182669104982	0.99958116669686	3.61771744246881E-05	0.000382656128715149
23__Main Tower	554.656445993032	-177.768169582331	2209.73593979276	3479.93568886366	0.999028832410379	0.000132301758287293	0.000838865831333311	0.999492114199364	5.51388736298283E-05	0.000452746927006253
22__Main Tower	555.275958188153	-177.751798055832	2209.95962668596	3480.19245016578	0.99880731580267	0.000201490589552334	0.000991193607778026	0.99938088396667	8.40083198901217E-05	0.00053510771344015
21__Main Tower	555.895470383275	-177.734912709353	2210.13877722273	3480.41613705898	0.998523219563883	0.00030673737825977	0.00117004305785712	0.999240204953093	0.000127944251773181	0.000631850795133784
20__Main Tower	556.514982578397	-177.717307858517	2210.25644751165	3480.59528759576	0.998153330966444	0.000466750561189641	0.00137991847236664	0.999059784762223	0.000194778561868179	0.000745436675908683
19__Main Tower	557.134494773519	-177.698683434276	2210.28809692102	3480.71295788467	0.997664091578271	0.000709878851013937	0.00162602957071507	0.998824886968287	0.000296390888929708	0.000878722142783677
18__Main Tower	557.754006968641	-177.678598891909	2210.19838517415	3480.74460729404	0.997006620987594	0.00107901689785156	0.00191436211455434	0.998514211704061	0.000450779968691634	0.00103500832724764
17__Main Tower	558.373519163763	-177.656404540234	2209.93604943146	3480.65489554717	0.996109333495822	0.00163894197540482	0.0022517245287735	0.998096743090924	0.000685174097180854	0.00121808281189526
16__Main Tower	558.993031358885	-177.631139745988	2209.42568071341	3480.39255980447	0.994867048513715	0.00248721112431398	0.00264574036197067	0.997527076893013	0.00104067861960506	0.00143224448738168
15__Main Tower	559.612543554007	-177.601383275294	2208.55486879454	3479.88219108643	0.993125086648814	0.00377018063962258	0.00310473271156301	0.996738540781826	0.00157916877644276	0.00168229044173154
14__Main Tower	560.232055749129	-177.565036129454	2207.15513589566	3479.01137916755	0.990656405790046	0.00570618722969472	0.00363740698025907	0.995633172554738	0.00239339946634875	0.00197342797891321
13__Main Tower	560.851567944251	-177.519012901068	2204.97563304065	3477.61164626868	0.987129553321048	0.00861827222545057	0.00425217445350133	0.994067370636688	0.00362158139030956	0.00231104797300277
12__Main Tower	561.471080139373	-177.458817599348	2201.6499897561	3475.43214341367	0.982065583606548	0.0129785528798743	0.0049558635135772	0.991831910634232	0.00546783612578655	0.00270025323998101
11__Main Tower	562.090592334495	-177.377992831117	2196.65958232085	3472.10650012912	0.974784221480291	0.0194643392403944	0.00575143927931444	0.98862537002074	0.00822965654550319	0.00314497343375623
10__Main Tower	562.710104529617	-177.267475434216	2189.30267844304	3467.11609269387	0.964345632212288	0.0290201367704273	0.00663423101728456	0.984021561710505	0.012332018696029	0.00364641959346627
9__Main Tower	563.329616724739	-177.114999734957	2178.69171694736	3459.75918881606	0.94950779997674	0.0429060256874661	0.00758617433579384	0.977435764267405	0.0183636700889778	0.00420056564361717
8__Main Tower	563.949128919861	-176.904905590251	2163.82222783274	3449.14822732037	0.928744714681097	0.0626872611198952	0.00856802419900833	0.968103557826733	0.0271020581842271	0.0047943839890402
7__Main Tower	564.568641114983	-176.619051583489	2143.77737376561	3434.27873820575	0.900405799983806	0.0900832359046056	0.00951096411158838	0.955101958519887	0.0394971149763164	0.00540092650379687
6__Main Tower	565.188153310105	-176.239879768942	1454.25650664736	3414.23388413863	0.863119172242424	0.126568708364199	0.0103121193933772	0.937462863173038	0.0565627378239942	0.00597439900296831
5__Main Tower	565.807665505227	-175.756558816049	1432.97784620637	3388.51897457875	0.816478621921412	0.172678718649426	0.0108426594291619	0.91443732068893	0.0791143403684158	0.00644833894265417
4__Main Tower	566.427177700349	-175.351216962729	2814.89179845804	3367.24031413776	0.778707469342917	0.210356682191683	0.0109358484653998	0.894913055190682	0.0984372433316741	0.00664970147764425
3__Main Tower	567.046689895471	-175.069913572702	2793.9582843323	3254.43765221971	0.753328421016538	0.23487313206702	0.011798446916442	0.881174073871135	0.111541618982665	0.00728430714620035
2__Main Tower	567.666202090593	-174.647204978531	2763.24855168603	3233.50413809397	0.715439956702056	0.271893924284011	0.0126661190139329	0.859908285033401	0.132085706410135	0.00800600855646394
1__Main Tower	568.285714285714	-174.037122857085	2792.2921470414	3202.79440544771	0.662143607040438	0.32453485104483	0.0133215419147327	0.828241499041563	0.163040261577935	0.00871823938050234
