Place	P	T	L	V	x_N2	x_O2	x_Ar	y_N2	y_O2	y_Ar
Condenser	542.885714285714	-178.044892834933	1842.46053180433	2.58430740884662E-05	0.998514211705272	2.31297214274697E-05	0.0014626585733009	0.999204028196798	9.58357546863633E-06	0.00078638822773384
42__Main Tower	542.885714285714	-178.035501312633	1841.86492010972	3427.50588551649	0.997224572274368	5.57951774581422E-05	0.00271963254817404	0.998514211710473	2.3129721325333E-05	0.00146265856820188
41__Main Tower	543.505226480836	-178.01130494378	1841.6240044778	3475.55197636587	0.995946392969909	9.74745844804084E-05	0.00395613244561048	0.997830768722561	4.04407435662181E-05	0.00212879053387241
40__Main Tower	544.124738675958	-177.9871625025	1841.38273446388	3475.31106073394	0.99467839599381	0.000150585166253361	0.00517101883993667	0.997153482688079	6.25262766307756E-05	0.00278399103529031
39__Main Tower	544.74425087108	-177.963054000409	1841.14030830802	3475.06979072002	0.993418622687432	0.000218179400290396	0.00636319791227807	0.996481675603564	9.06662802003339E-05	0.00342765811623532
38__Main Tower	545.363763066202	-177.938951772774	1840.89520805298	3474.82736456416	0.992164278116085	0.000304108161949631	0.00753161372196578	0.995814309427273	0.0001264769637061	0.00405921360902042
37__Main Tower	545.983275261324	-177.914818658518	1840.64502741739	3474.58226430912	0.99091153897182	0.000413224443611741	0.00867523658456841	0.995149904456661	0.000171997074398677	0.00467809846894032
36__Main Tower	546.602787456446	-177.890605744429	1840.38637146686	3474.33208367353	0.989655316120882	0.000551637177023019	0.00979304670209482	0.994486438479566	0.000229795605103164	0.0052837659153307
35__Main Tower	547.222299651568	-177.86624957041	1840.11472880605	3474.07342772301	0.988388961114873	0.00072702665639423	0.010884012228733	0.993821222043172	0.000303105933323239	0.00587567202350456
34__Main Tower	547.84181184669	-177.841668672707	1839.82428815452	3473.8017850622	0.987103904009795	0.00094903527287228	0.0119470607173333	0.993150744277083	0.000395992422692833	0.0064532633002243
33__Main Tower	548.461324041812	-177.81675932038	1839.50769097608	3473.51134441066	0.985789207747691	0.00122974966037895	0.0129810425919302	0.992470482713525	0.000513556656255648	0.00701596063021933
32__Main Tower	549.080836236934	-177.791390277763	1839.15571137982	3473.19474723222	0.984431022257925	0.00158429276279124	0.0139846849792843	0.991774669487478	0.000662191685689645	0.00756313882683242
31__Main Tower	549.700348432056	-177.765396404631	1838.75685040141	3472.84276763597	0.983011919623972	0.00203154646356485	0.0149565339124633	0.991056005267068	0.000849893878538655	0.00809410085439366
30__Main Tower	550.319860627178	-177.738570890461	1838.29683125837	3472.44390665755	0.981510090642421	0.00259502674565395	0.0158948826119251	0.990305311429393	0.00108664295360108	0.00860804561700569
29__Main Tower	550.9393728223	-177.710655916475	1837.7579852023	3471.98388751451	0.979898383682303	0.00330393300147016	0.0167976833162271	0.989511110636024	0.00138486131430876	0.00910402804966716
28__Main Tower	551.558885017422	-177.681331560113	1837.11852356607	3471.44504145843	0.978143170209483	0.00419438970743225	0.0176624400830848	0.988659126524977	0.00175996333204636	0.00958091014297646
27__Main Tower	552.178397212544	-177.65020281841	1836.35169993861	3470.80557982221	0.976203029618605	0.00531089010199547	0.0184860802794002	0.987731695428435	0.00223100302643029	0.0100373015451342
26__Main Tower	552.797909407666	-177.616784755054	1835.42487743268	3470.03875619475	0.974027261977108	0.00670793465003413	0.0192648033728576	0.986707087919905	0.00282142347132704	0.0104714886087681
25__Main Tower	553.417421602788	-177.580486007444	1834.29853625132	3469.11193368882	0.9715542649561	0.00845182756183625	0.0199939074820639	0.985558747152808	0.00355990152381428	0.0108813513233778
24__Main Tower	554.03693379791	-177.540591274482	1832.92528709837	3467.98559250746	0.968709855896478	0.0106225466540933	0.0206675974494291	0.98425446652404	0.00448126476795541	0.0112642687080047
23__Main Tower	554.656445993032	-177.496244005657	1831.2490031977	3466.61234335451	0.965405688046983	0.0133155283223059	0.0212787836307115	0.982755553972958	0.00562743080841521	0.0116170152186263
22__Main Tower	555.275958188153	-177.446431396594	1829.20425043129	3464.93605945384	0.961538008111996	0.0166431029537091	0.0218188889342951	0.981016067471676	0.00704827860439039	0.0119356539239335
21__Main Tower	555.895470383275	-177.38997502494	1826.71628294492	3462.89130668743	0.956987134878776	0.0207351714821785	0.0222776936390456	0.978982259134616	0.00880230382356536	0.0122154370418182
20__Main Tower	556.514982578397	-177.325532045399	1823.70197697683	3460.40333920106	0.951618203688469	0.0257385327834835	0.0226432635280472	0.976592435551426	0.0109568331739792	0.0124507312745945
19__Main Tower	557.134494773519	-177.25161370164	1820.07218321169	3457.38903323297	0.945283902107264	0.0318140717046232	0.0229020261881129	0.973777526972252	0.0135874787003503	0.0126349943273978
18__Main Tower	557.754006968641	-177.166629684578	1815.73605362466	3453.75923946783	0.937830075444544	0.0391308444720868	0.023039080083369	0.970462746890391	0.0167764136562601	0.0127608394533487
17__Main Tower	558.373519163763	-177.068967898946	1810.60787943925	3449.4231098808	0.929105124564587	0.0478560406424589	0.0230388347929538	0.966570790859633	0.0206089741902841	0.012820234950083
16__Main Tower	558.993031358885	-176.957118360935	1804.61677452515	3444.29493569539	0.918973923737182	0.0581399989112013	0.0228860773516165	0.962027022771158	0.0251680859538979	0.0128048912749441
15__Main Tower	559.612543554007	-176.829845681929	1797.71904787479	3438.30383078129	0.907336390606982	0.0700960863399991	0.0225675230530186	0.956766959291258	0.0305261574304601	0.0127068832782815
14__Main Tower	560.232055749129	-176.686405304993	1789.91226559452	3431.40610413093	0.894149705402484	0.0837764720054023	0.0220738225921134	0.950746008018536	0.0367344617616961	0.0125195302197681
13__Main Tower	560.851567944251	-176.526783684921	1781.2488680908	3423.59932185066	0.879451508386195	0.0991466384337378	0.0214018531800675	0.943950785221995	0.0438107113117964	0.012238503466209
12__Main Tower	561.471080139373	-176.351923724111	1771.84606826503	3414.93592434693	0.863379519552393	0.116063544352955	0.0205569360946519	0.936410467975025	0.0517264827582496	0.0118630492667258
11__Main Tower	562.090592334495	-176.163879693763	1761.88816226366	3405.53312452117	0.846181662616161	0.134263883866314	0.0195544535175254	0.92820572718778	0.060397157782972	0.0113971150292484
10__Main Tower	562.710104529617	-175.965840080547	1751.61799055379	3395.5752185198	0.828210976724781	0.153368745526657	0.0184202777485625	0.919472253369131	0.0696776596316704	0.0108500869991984
9__Main Tower	563.329616724739	-175.761972159783	1741.31648789222	3385.30504680993	0.809902191934599	0.172908236820271	0.0171895712451297	0.910396241212668	0.0793669216995675	0.010236837087764
8__Main Tower	563.949128919861	-175.557081979413	1731.27275052825	3375.00354414835	0.79173167075298	0.192364436298008	0.0159038929490122	0.90120076728158	0.0892223508670868	0.00957688185133367
7__Main Tower	564.568641114983	-175.356138224662	1721.75062159528	3364.95980678438	0.774167872065238	0.211225074903981	0.0146070530307808	0.892124537244428	0.0989827851102667	0.00889267764530518
6__Main Tower	565.188153310105	-175.16375593076	859.442167590459	3355.43767785141	0.757623048212207	0.22903637139276	0.0133405803950331	0.883397053589222	0.108395603095061	0.00820734331571763
5__Main Tower	565.807665505227	-174.983756726087	855.40125919045	3346.64032317231	0.74241700604399	0.245443214442821	0.012139779513189	0.875215839125017	0.117241875270923	0.00754228560405981
4__Main Tower	566.427177700349	-174.893872598899	2233.94934423446	3342.5994147723	0.735575639808659	0.252843391127822	0.0115809690635187	0.871466635476494	0.121305384295032	0.00722798022847397
3__Main Tower	567.046689895471	-174.536626010733	2213.74576957827	3226.43088564659	0.704065734637234	0.283414252207032	0.012520013155734	0.853418379330746	0.138611079810872	0.00797054085838205
2__Main Tower	567.666202090593	-174.128562517578	2191.81148666804	3206.2273109904	0.668872268263619	0.317932170504675	0.0131955612317063	0.832404874001138	0.158998970941534	0.00859615505732859
1__Main Tower	568.285714285714	-173.684021914702	2239.35645939094	3184.29302808017	0.631605792043599	0.354874417891369	0.0135197900650324	0.809064554436735	0.181901326095379	0.0090341194678852
