Place	P	T	L	V	x_N2	x_O2	x_Ar	y_N2	y_O2	y_Ar
Condenser	542.885714285714	-178.055628537123	2203.98024929223	0.000172347459990926	0.999993212472588	1.03722596107635E-08	6.77715515215753E-06	0.999996353333119	4.29519568135168E-09	3.64237168552375E-06
42__Main Tower	542.885714285714	-178.055586025383	2203.8913982326	3436.68755962046	0.999987365102992	2.50474032648655E-08	1.26098496043461E-05	0.999993212472746	1.0372259306003E-08	6.77715499495035E-06
41__Main Tower	543.505226480836	-178.040677330034	2204.22451811796	3474.4278562414	0.999980462793156	4.75111117322834E-08	1.94896957317792E-05	0.999989503382188	1.96809639921506E-08	1.04769368478363E-05
40__Main Tower	544.124738675958	-178.025774530681	2204.5629802352	3474.76097612676	0.999972315253418	8.18862096911412E-08	2.76028603722567E-05	0.999985124677299	3.39313958864811E-08	1.48413913052259E-05
39__Main Tower	544.74425087108	-178.010871986711	2204.90108694639	3475.09943824401	0.999962697175856	1.34472893537694E-07	3.71683512506736E-05	0.999979955518063	5.57398839508482E-08	1.9988742053539E-05
38__Main Tower	545.363763066202	-177.995969116912	2205.23760012099	3475.43754495519	0.999951341306866	2.1489618899316E-07	4.84437969453289E-05	0.999973852835272	8.9104683381267E-08	2.60580600449151E-05
37__Main Tower	545.983275261324	-177.981063560753	2205.57261239985	3475.77405812979	0.999937929957764	3.378564427327E-07	6.17321857929302E-05	0.99996664691714	1.40134393338851E-07	3.32129484661498E-05
36__Main Tower	546.602787456446	-177.96615249887	2205.90612319919	3476.10907040865	0.99992208440898	5.25799364614868E-07	7.73897916552623E-05	0.999958136012781	2.18159221872011E-07	4.16458279968835E-05
35__Main Tower	547.222299651568	-177.951232547896	2206.23804077553	3476.442581208	0.999903351546859	8.1298734572819E-07	9.58354657948367E-05	0.999948079602756	3.37426073782322E-07	5.15829711702934E-05
34__Main Tower	547.84181184669	-177.936299623928	2206.56817203209	3476.77449878433	0.999881186763783	1.25170563153786E-06	0.000117561530585061	0.999936189909795	5.19683385383474E-07	6.32904068196342E-05
33__Main Tower	548.461324041812	-177.921348762391	2206.89621863173	3477.10463004089	0.99985493173438	1.92171989949061E-06	0.000143146545720278	0.999922121036105	7.98121550975772E-07	7.70808423436485E-05
32__Main Tower	549.080836236934	-177.906373876315	2207.22177322002	3477.43267664053	0.999823785054416	2.94468410663588E-06	0.000173270261477042	0.999905454846175	1.22337802280434E-06	9.33217758021318E-05
31__Main Tower	549.700348432056	-177.891367426555	2207.54430413772	3477.75823122882	0.999786762794151	4.50608249741613E-06	0.000208731123351311	0.999885682316391	1.87268601648855E-06	0.000112444997593078
30__Main Tower	550.319860627178	-177.876319964648	2207.86312369144	3478.08076214652	0.999742644617897	6.88863410979849E-06	0.000250466747993433	0.999862178479319	2.86380787717158E-06	0.000134957712803927
29__Main Tower	550.9393728223	-177.861219489706	2208.17733842995	3478.39958170025	0.999689899019264	1.05231293761444E-05	0.000299577851360208	0.999834168201562	4.37624809887855E-06	0.000161455550338838
28__Main Tower	551.558885017422	-177.846050531662	2208.48577643334	3478.71379643875	0.999626578059562	1.60657656835458E-05	0.000357356174754433	0.999800678699269	6.68353751162247E-06	0.000192637763219084
27__Main Tower	552.178397212544	-177.830792829328	2208.78688027731	3479.02223444214	0.999550167236313	2.45157447988213E-05	0.000425317018887865	0.999760472687899	1.02023473667859E-05	0.000229324964733921
26__Main Tower	552.797909407666	-177.815419405496	2209.07854773076	3479.32333828611	0.999457368939409	3.73940084814781E-05	0.000505237052109871	0.999711953040923	1.55671745735112E-05	0.000272479784503544
25__Main Tower	553.417421602788	-177.799893741481	2209.35789418358	3479.61500573956	0.999343787158033	5.70147508937201E-05	0.00059919809107372	0.999653025281882	2.37438567619534E-05	0.000323230861355529
24__Main Tower	554.03693379791	-177.78416560302	2209.62089851399	3479.89435219238	0.999203464864463	8.68976035236161E-05	0.000709637532013	0.999580897384935	3.62020094735091E-05	0.00038290060559171
23__Main Tower	554.656445993032	-177.768164843008	2209.86187491825	3480.1573565228	0.999028201120031	0.000132392892859456	0.000839405987109348	0.999491786059887	5.51767978966775E-05	0.000453037142216264
22__Main Tower	555.275958188153	-177.751792166653	2210.07268438676	3480.39833292705	0.998806538442951	0.000201629195842016	0.000991832361206857	0.999380483240949	8.40660053204629E-05	0.000535450753730236
21__Main Tower	555.895470383275	-177.734905336325	2210.24155715771	3480.60914239556	0.998522256554815	0.000306947518905449	0.00117079592627918	0.999239713372192	0.000128031714624391	0.000632254913183291
20__Main Tower	556.514982578397	-177.717298537294	2210.35133546163	3480.77801516652	0.998152128019702	0.000467068352667968	0.00138080362763038	0.999059177643738	0.000194910832442657	0.000745911523819245
19__Main Tower	557.134494773519	-177.698671510413	2210.37685603013	3480.88779347044	0.997662573100934	0.000710358513124544	0.00162706838594178	0.998824130410758	0.000296590524216564	0.000879279065024895
18__Main Tower	557.754006968641	-177.678583433696	2210.28106401354	3480.91331403894	0.99700468052022	0.00107973980208927	0.00191557967769044	0.998513258546263	0.000451080809422832	0.00103566064431442
17__Main Tower	558.373519163763	-177.656384216412	2210.00927542217	3480.81752202234	0.99610682044324	0.00164002984675596	0.00225314971000458	0.998095527362358	0.000685626753443252	0.00121884588419895
16__Main Tower	558.993031358885	-177.631112666286	2209.48078191792	3480.54573343097	0.994863751156353	0.00248884424108307	0.002647404602564	0.997525506805129	0.00104135805969138	0.00143313513518009
15__Main Tower	559.612543554007	-177.601346809979	2208.57674121553	3480.01723992673	0.993120713611907	0.00377262017534881	0.00310666621274413	0.99673649119281	0.00158018375170718	0.00168332505548327
14__Main Tower	560.232055749129	-177.564986765971	2207.1230983756	3479.11319922434	0.990650573094611	0.00570979624471607	0.00363963066067293	0.995630479710525	0.00239490176775691	0.00197461852171831
13__Main Tower	560.851567944251	-177.51894627372	2204.86735202886	3477.6595563844	0.987121793474002	0.00862352018767435	0.00425468633832406	0.994063835304969	0.00362376942099706	0.00231239527403428
12__Main Tower	561.471080139373	-177.458728946297	2201.4488009546	3475.40381003767	0.982055407971185	0.0129859723915257	0.00495861963728902	0.991827320658304	0.00547094160534164	0.00270173773635483
11__Main Tower	562.090592334495	-177.377878263185	2196.36445942398	3471.98525896341	0.974771284472676	0.0194743831858849	0.00575433234143879	0.988619558708109	0.00823389628601763	0.00314654500587302
10__Main Tower	562.710104529617	-177.267334414222	2188.9387895607	3466.90091743278	0.964330047231561	0.0290328768166861	0.0066370759517529	0.984014519231585	0.0123374902530204	0.00364799051539421
9__Main Tower	563.329616724739	-177.114838697515	2178.31695360561	3459.4752475695	0.949490578767154	0.0429207013115294	0.00758871992131612	0.977427800042222	0.0183701859001776	0.00420201405760066
8__Main Tower	563.949128919861	-176.904740943098	2163.51931770619	3448.85341161442	0.928727997114007	0.0627019816655645	0.00857002122042843	0.96809543948193	0.0271089818404647	0.0047955786776051
7__Main Tower	564.568641114983	-176.618906915118	2143.61328836841	3434.05577571499	0.900391880039942	0.0900958070952018	0.00951231286485593	0.955094794922532	0.039503424123039	0.00540178095442926
6__Main Tower	565.188153310105	-176.239770120324	1454.2452130175	3414.14974637722	0.863106895644788	0.12658006411185	0.0103130402433615	0.937457367356882	0.0565676952801549	0.00597493736296279
5__Main Tower	565.807665505227	-175.756450824896	1432.97843384356	3388.59033283543	0.816463320426007	0.172693202502582	0.0108434770714106	0.914431794511298	0.0791194514864542	0.00644875400224787
4__Main Tower	566.427177700349	-175.351078894747	2814.80278566743	3367.32355366148	0.77869372974528	0.210369816952915	0.0109364533018044	0.894906577813882	0.098443344015832	0.00665007817028599
3__Main Tower	567.046689895471	-175.069730883511	2793.80145186986	3254.43129131565	0.753311481106623	0.234889431414655	0.0117990874787219	0.881165391406032	0.111549865326004	0.00728474326796451
2__Main Tower	567.666202090593	-174.64703318976	2763.10167012892	3233.42995751808	0.715425479375621	0.271907945295167	0.0126665753292121	0.859899762513346	0.132093864907028	0.0080063725796268
1__Main Tower	568.285714285714	-174.03701703021	2792.20949515486	3202.73017577713	0.66213665906089	0.324541635311074	0.0133217056280363	0.828235953164342	0.163045618764705	0.00871842807095296
