Place	P	T	L	V	x_N2	x_O2	x_Ar	y_N2	y_O2	y_Ar
Condenser	542.885714285714	-177.785509062921	1538.85486142823	3.27731849374902E-06	0.969833757267386	0.0260683462219361	0.00409789651067757	0.986824978385309	0.0109419097875887	0.00223311182710263
42__Main Tower	542.885714285714	-177.433549400476	1519.25245762577	3388.0702030988	0.931617089443392	0.0610019654351922	0.00738094512141575	0.969833757283822	0.0260683462073041	0.00409789650887375
41__Main Tower	543.505226480836	-177.070041772302	1501.4838282087	3425.21650085979	0.894701414294592	0.0954840762443862	0.00981450946102124	0.952882780170704	0.0415631293341205	0.00555409049517548
40__Main Tower	544.124738675958	-176.725612068825	1486.01642297951	3407.44787144272	0.860652631711224	0.127868112366985	0.0114792559217906	0.936726868431932	0.0566562231121777	0.0066169084558908
39__Main Tower	544.74425087108	-176.412863857767	1473.20864377292	3391.98046621353	0.830584329296546	0.156909866446643	0.0125058042568111	0.922001835115918	0.0706665170555913	0.00733164782849073
38__Main Tower	545.363763066202	-176.139510293015	1463.0334078432	3379.17268700694	0.805037653578674	0.181915618890788	0.013046727530538	0.909125566277549	0.0831109647451565	0.00776346897729414
37__Main Tower	545.983275261324	-175.908135404969	1455.19786516887	3368.99745107722	0.784030953307892	0.20271974027742	0.0132493064146885	0.898268786197055	0.0937471645340334	0.00798404926891112
36__Main Tower	546.602787456446	-175.717187735195	1449.28318270536	3361.16190840288	0.767211516821889	0.219550973881563	0.013237509296548	0.889391383178926	0.102548664178528	0.00805995264254535
35__Main Tower	547.222299651568	-175.562496618782	1444.85552126784	3355.24722593937	0.754027060919594	0.232867931672612	0.0131050074077938	0.882312038094843	0.109642252846306	0.00804570905885083
34__Main Tower	547.84181184669	-175.438697850088	1441.53099137127	3350.81956450186	0.743863977082326	0.243219635552096	0.0129163873655784	0.876779061039833	0.115239224280936	0.00798171467923091
33__Main Tower	548.461324041812	-175.340267461537	1439.00167144245	3347.49503460528	0.73613564849396	0.251151839518687	0.0127125119873531	0.872524444534706	0.119580154334942	0.00789540113035171
32__Main Tower	549.080836236934	-175.262126284646	1437.03676871498	3344.96571467646	0.730326927723558	0.257156177853945	0.0125168944224968	0.869297011074217	0.122899091480876	0.00780389744490693
31__Main Tower	549.700348432056	-175.19991011132	1435.47150001169	3343.000811949	0.72600867441903	0.26164994850464	0.0123413770763302	0.866878317015622	0.125404759668334	0.00771692331604397
30__Main Tower	550.319860627178	-175.150027798411	1434.19217375068	3341.43554324571	0.722835360262338	0.264974133553262	0.0121905061843995	0.865087173701627	0.127273553258497	0.00763927303987632
29__Main Tower	550.9393728223	-175.109607074793	1433.12206558167	3340.1562169847	0.720534908562994	0.267400489230452	0.0120646022065544	0.863777888965282	0.128649419724313	0.00757269131040547
28__Main Tower	551.558885017422	-175.076393614039	1432.20996314038	3339.08610881569	0.718896193526927	0.269142035549525	0.011961770923548	0.862835713700168	0.129647112374774	0.00751717392505728
27__Main Tower	552.178397212544	-175.048640316716	1431.4216910904	3338.1740063744	0.717756954654457	0.270363900789544	0.0118791445559995	0.862171520915309	0.1303566663985	0.00747181268619066
26__Main Tower	552.797909407666	-175.025004670407	1430.73421216297	3337.38573432442	0.716993273991249	0.271193123799772	0.0118136022089798	0.861716736416848	0.130847950268939	0.00743531331421329
25__Main Tower	553.417421602788	-175.004461025617	1430.13168895863	3336.69825539698	0.716510911934633	0.271726931242223	0.0117621568231433	0.86141894061405	0.131174765392979	0.00740629399297091
24__Main Tower	554.03693379791	-174.986228957755	1429.60292933493	3336.09573219265	0.716238401815244	0.272039459785576	0.0117221383991794	0.861238243926765	0.131378311898772	0.00738344417446339
23__Main Tower	554.656445993032	-174.969716347096	1429.13975528919	3335.56697256895	0.716121654021234	0.27218708724227	0.0116912587364963	0.861144390228751	0.131490011361259	0.00736559840998974
22__Main Tower	555.275958188153	-174.954474923398	1428.73589765976	3335.10379852321	0.716119791473954	0.272212597146833	0.0116676113792126	0.861114486445576	0.131533752551787	0.00735176100263738
21__Main Tower	555.895470383275	-174.940165967329	1428.38655946663	3334.69994089378	0.716201968076352	0.272148392734698	0.0116496391889496	0.861131248185588	0.131527647952787	0.00734110386162511
20__Main Tower	556.514982578397	-174.926533855606	1428.08852166625	3334.35060270065	0.716344974594524	0.272018937473376	0.0116360879321008	0.861181644204082	0.131485404241166	0.00733295155475231
19__Main Tower	557.134494773519	-174.913385960652	1427.83818299704	3334.05256490027	0.71653121190928	0.271842825361086	0.0116259627296344	0.861255858808105	0.13141737998059	0.00732676121130525
18__Main Tower	557.754006968641	-174.900577113567	1427.63258334657	3333.80222623106	0.716747491596099	0.271634031233433	0.0116184771704681	0.861346504121327	0.13133139479438	0.00732210108429282
17__Main Tower	558.373519163763	-174.887998671733	1427.46902266085	3333.59662658059	0.716983922169113	0.271403062805046	0.0116130150258409	0.861448058670183	0.131233311421529	0.00731862990828786
16__Main Tower	558.993031358885	-174.8755694984	1427.34500039059	3333.43306589487	0.717233113268429	0.271157790709258	0.0116090960223132	0.86155640482138	0.131127515292502	0.00731607988611814
15__Main Tower	559.612543554007	-174.863229330832	1427.25815610671	3333.30904362461	0.71748957145836	0.270904081008956	0.0116063475326842	0.861668489201309	0.131017268931689	0.00731424186700178
14__Main Tower	560.232055749129	-174.850933752993	1427.20623517924	3333.22219934073	0.717749243073879	0.270646275389097	0.0116044815370231	0.86178206561699	0.130904981295309	0.00731295308770159
13__Main Tower	560.851567944251	-174.838650380827	1427.18706164404	3333.17027841326	0.71800916772089	0.270387556141683	0.0116032761374273	0.861895500190477	0.130792412587476	0.00731208722204731
12__Main Tower	561.471080139373	-174.826355970291	1427.19851611553	3333.15110487806	0.718267215765462	0.270130223363641	0.0116025608708975	0.862007623786075	0.130680829810768	0.0073115464031573
11__Main Tower	562.090592334495	-174.814034226593	1427.23851956524	3333.16255934955	0.718521889510146	0.269875905359991	0.0116022051298622	0.862117620329466	0.130571124782662	0.00731125488787214
10__Main Tower	562.710104529617	-174.801674143665	1427.305023326	3333.20256279926	0.718772172477003	0.269625718430514	0.0116021090924824	0.862224942239602	0.13046390369456	0.00731115406583712
9__Main Tower	563.329616724739	-174.78926874297	1427.39600493539	3333.26906656002	0.719017414908265	0.269380388433157	0.0116021966585775	0.86232924625331	0.130359555191076	0.0073111985556145
8__Main Tower	563.949128919861	-174.776814112254	1427.50946815766	3333.36004816941	0.71925724645603	0.26914034356957	0.0116024099744005	0.862430344546966	0.130258302283026	0.00731135317000759
7__Main Tower	564.568641114983	-174.764308669833	1427.64344685049	3333.47351139168	0.719491509356965	0.268905785438866	0.0116027052041689	0.862528167346809	0.130160242084182	0.00731159056900978
6__Main Tower	565.188153310105	-174.7517525984	431.990506254082	3333.60749008451	0.719720207005572	0.268676743719649	0.0116030492747793	0.862622734162367	0.13006537638484	0.00731188945279325
5__Main Tower	565.807665505227	-174.739168631854	431.959424886736	3333.7341250625	0.719945412309576	0.268451208993111	0.0116033786973131	0.862715243711537	0.129972556486661	0.00731219980180224
4__Main Tower	566.427177700349	-174.725396790747	1805.91801939204	3333.70304369516	0.720061816805065	0.268335795382934	0.0116023878120013	0.862745757537613	0.129942039981372	0.00731220248101494
3__Main Tower	567.046689895471	-174.277326783642	1785.79053633996	3212.94502403074	0.680794183516366	0.306499101755496	0.0127067147281386	0.839690942980995	0.152096428089941	0.00821262892906375
2__Main Tower	567.666202090593	-173.870479888002	1768.79113796337	3192.81754097866	0.64635983317592	0.34032192370892	0.0133182431151599	0.818482109769364	0.172708963762811	0.00880892646782412
1__Main Tower	568.285714285714	-173.51965306358	1824.81099616437	3175.81814260208	0.617674370061601	0.368797124145089	0.0135285057933103	0.800040700600482	0.19083064242744	0.00912865697207766
