Place	P	T	L	V	x_N2	x_O2	x_Ar	y_N2	y_O2	y_Ar
Condenser	542.885714285714	-177.910665908279	1644.63607221975	1.54263235409167E-09	0.983450760208768	0.0129012410830431	0.00364799870818914	0.992643898115082	0.0053813452262264	0.00197475665869161
42__Main Tower	542.885714285714	-177.72404170856	1632.96278905395	3405.58874616102	0.962684566336533	0.0306406162890664	0.00667481737440041	0.983450760208772	0.0129012410830397	0.00364799870818838
41__Main Tower	543.505226480836	-177.508360257723	1621.02787364077	3447.95534303579	0.940735353980164	0.050065816543359	0.00919882947647747	0.973615823705858	0.0213026664875222	0.00508150980661957
40__Main Tower	544.124738675958	-177.282259290423	1608.81252160814	3436.02042762261	0.918048151654771	0.0707363582275265	0.0112154901177029	0.963298707684927	0.0304345514932113	0.006266740821862
39__Main Tower	544.74425087108	-177.050721155278	1596.64592290271	3423.80507558998	0.895177702598204	0.0920820952057296	0.0127402021960668	0.952718714059978	0.0400773970254702	0.00720388891455178
38__Main Tower	545.363763066202	-176.81925020413	1584.85834609244	3411.63847688455	0.872732894241144	0.113457696188168	0.013809409570688	0.942138992126953	0.0499578602891843	0.00790314758386245
37__Main Tower	545.983275261324	-176.594279383189	1573.82332333374	3399.85090007427	0.851302623594306	0.134218927338798	0.0144784490668958	0.931839045725499	0.0597761605459327	0.0083847937285682
36__Main Tower	546.602787456446	-176.381015431814	1563.79865165131	3388.81587731558	0.83138785673442	0.153796367033557	0.0148157762320232	0.922078933863435	0.0692432233784714	0.00867784275809381
35__Main Tower	547.222299651568	-176.183747342578	1554.94899117557	3378.79120563315	0.813352492792624	0.171752150024011	0.0148953571833645	0.913071814323358	0.0781114285661597	0.00881675711048238
34__Main Tower	547.84181184669	-176.005308847747	1547.34733161637	3369.94154515741	0.797402648673711	0.187808246769799	0.0147891045564902	0.904964493970854	0.0861977826684643	0.00883772336068143
33__Main Tower	548.461324041812	-175.847019340097	1540.98369684408	3362.33988559821	0.783593649652502	0.201845389101521	0.0145609612459762	0.897831501379792	0.0933933679169868	0.00877513070322077
32__Main Tower	549.080836236934	-175.708859180066	1535.78392895199	3355.97625082592	0.771857158012575	0.213879425454298	0.0142634165331273	0.891681174834091	0.0996598561474085	0.0086589690185001
31__Main Tower	549.700348432056	-175.589785234247	1531.63180898976	3350.77648293383	0.762037686407938	0.224025883543846	0.013936430048216	0.886469640943709	0.105016924477436	0.0085134345788544
30__Main Tower	550.319860627178	-175.488087578781	1528.38954328573	3346.6243629716	0.753929073701824	0.232462743120519	0.0136081831776572	0.882117813938571	0.109525535590783	0.00835665047064671
29__Main Tower	550.9393728223	-175.401713734864	1525.91398427188	3343.38209726757	0.747304981972008	0.239398123948844	0.0132968940791482	0.878527501242585	0.113271313680019	0.00820118507739612
28__Main Tower	551.558885017422	-175.328521820413	1524.067901907	3340.90653825372	0.741941051322133	0.245045924977086	0.0130130237007814	0.875594362188555	0.116350636329986	0.00805500148145913
27__Main Tower	552.178397212544	-175.266453502948	1522.72685661872	3339.06045588884	0.737628907482342	0.249609680272515	0.0127614122451435	0.873216998294137	0.118860467037539	0.00792253466832489
26__Main Tower	552.797909407666	-175.213635805058	1521.78255607368	3337.71941060056	0.734183509417525	0.253273388938845	0.0125431016436297	0.871302466406284	0.120891833820508	0.00780569977320868
25__Main Tower	553.417421602788	-175.168428374144	1521.14376232975	3336.77511005552	0.731445736847887	0.25619750350184	0.0123567596502731	0.869768974189862	0.12252629207032	0.00770473373981833
24__Main Tower	554.03693379791	-175.129433718384	1520.73565713941	3336.13631631159	0.729281933050704	0.258518347466357	0.0121997194829385	0.86854662170373	0.123834535435251	0.00761884286101903
23__Main Tower	554.656445993032	-175.095484957961	1520.49831339018	3335.72821112125	0.727581738492743	0.260349566577011	0.0120686949302459	0.867576931788366	0.124876398541973	0.00754666966966031
22__Main Tower	555.275958188153	-175.065621856246	1520.33435709714	3335.49086737202	0.726255147722433	0.261784608470495	0.0119602438070723	0.866811731220953	0.125701658330543	0.00748661044850354
21__Main Tower	555.895470383275	-175.039127643443	1520.12431032218	3335.32691107898	0.725242369099898	0.262886887905181	0.0118707429949215	0.866213878612922	0.126349171207156	0.00743695017992165
20__Main Tower	556.514982578397	-175.015332203621	1520.05637141925	3335.11686430402	0.724481337525146	0.263721286020096	0.0117973764547581	0.86576107543196	0.126843053147621	0.00739587142041882
19__Main Tower	557.134494773519	-174.993890854156	1520.0857627173	3335.04892540109	0.72391722316889	0.264345113911382	0.0117376629197277	0.865417073220008	0.127220585690669	0.00736234108932287
18__Main Tower	557.754006968641	-174.974174614068	1520.16751656259	3335.07831669915	0.723508027190315	0.264802642440049	0.0116893303696355	0.865158715123472	0.127506121362779	0.00733516351374959
17__Main Tower	558.373519163763	-174.955837620919	1520.27724013404	3335.16007054443	0.723222411735486	0.265127225990226	0.0116503622742885	0.864968741192321	0.127718017375581	0.00731324143209804
16__Main Tower	558.993031358885	-174.938613810896	1520.39996590111	3335.26979411588	0.723036311498403	0.265344648297548	0.0116190402040492	0.864833898652458	0.127870478324739	0.00729562302280356
15__Main Tower	559.612543554007	-174.922295507063	1520.52563308782	3335.39251988295	0.722930973633841	0.265475095890539	0.0115939304756203	0.864743856424839	0.127974638121887	0.00728150545327373
14__Main Tower	560.232055749129	-174.906719435081	1520.6472226616	3335.51818706966	0.722891676754982	0.265534471409091	0.0115738518359267	0.86469049832522	0.128039279295924	0.00727022237885591
13__Main Tower	560.851567944251	-174.891756662916	1520.75997414687	3335.63977664344	0.722906811754435	0.265535349204229	0.011557839041336	0.864667416345439	0.12807135709416	0.00726122656040141
12__Main Tower	561.471080139373	-174.877304905448	1520.86103221807	3335.75252812871	0.722967180552014	0.265487711261593	0.0115451081863935	0.864669524198495	0.12807640365738	0.00725407214412466
11__Main Tower	562.090592334495	-174.863282440342	1520.94922875713	3335.85358619991	0.723065441941157	0.265399532199264	0.0115350258595796	0.864692752521774	0.128058849123528	0.00724839835469768
10__Main Tower	562.710104529617	-174.849623246278	1521.02485609427	3335.94178273897	0.723195667102577	0.265277250314624	0.0115270825827984	0.864733805659991	0.128022279202715	0.00724391513729482
9__Main Tower	563.329616724739	-174.836273113603	1521.08936971349	3336.01741007611	0.723352985856174	0.265126143881813	0.0115208702620129	0.86478996894791	0.127969640295726	0.00724039075636379
8__Main Tower	563.949128919861	-174.823186683305	1521.14502154472	3336.08192369533	0.723533311103978	0.264950625708362	0.0115160631876602	0.864858960396005	0.127903398463892	0.00723764114010324
7__Main Tower	564.568641114983	-174.810325196698	1521.19443412031	3336.13757552656	0.723733134564532	0.264754463407486	0.011512402027982	0.864938820947409	0.12782565829497	0.00723552075762036
6__Main Tower	565.188153310105	-174.797654960095	572.705716258762	3336.18698810215	0.723949387099924	0.264540932558873	0.0115096803412038	0.86502783967646	0.127738245537982	0.00723391478555779
5__Main Tower	565.807665505227	-174.785148454088	572.674909274638	3336.23016822379	0.72417893397329	0.264313320517419	0.0115077455092909	0.865124616682896	0.127642654177171	0.00723272913993318
4__Main Tower	566.427177700349	-174.771573434297	1948.41308286581	3336.19936123966	0.724311458997785	0.264182216854817	0.0115063241473977	0.865165323158508	0.127602319318937	0.00723235752255553
3__Main Tower	567.046689895471	-174.357574338503	1928.24546004805	3217.22092066112	0.687959090448167	0.299465370843211	0.0125755387086221	0.843976885100636	0.147933305795862	0.00808980910350173
2__Main Tower	567.666202090593	-173.95006503092	1909.58946745087	3197.05329784336	0.653258297643584	0.333506191323092	0.0132355110333243	0.822806477186109	0.168480388119262	0.0087131346946284
1__Main Tower	568.285714285714	-173.568757997434	1963.03016300776	3178.39730524618	0.621816752462837	0.364677036537631	0.013506210999532	0.802749652792924	0.18816337025635	0.0090869769507261
