Place	P	T	L	V	x_N2	x_O2	x_Ar	y_N2	y_O2	y_Ar
Condenser	548.6	-177.915317151412	1930.51080892147	7.84638124609387E-05	0.99947833253497	2.80354595194553E-06	0.000518863919077976	0.999719401694278	1.16460926885942E-06	0.000279433696453663
42__Main Tower	548.6	-177.912060951625	1930.21512690806	3427.53295338866	0.999029909259327	6.74777129919187E-06	0.000963342969373512	0.999478332540489	2.80354591442665E-06	0.000518863913596889
41__Main Tower	549.219512195122	-177.893945893464	1930.27235177597	3473.17747310189	0.998566469542045	1.20176777347108E-05	0.00142151278021994	0.999229121725146	4.99554545609667E-06	0.00076588272939795
40__Main Tower	549.839024390244	-177.875724141445	1930.32200699549	3473.2346979698	0.998087434657905	1.90539142565879E-05	0.00189351142783899	0.998971558862085	7.92435846310912E-06	0.00102051677945175
39__Main Tower	550.458536585366	-177.857389252545	1930.3712258849	3473.28435318931	0.997592098398497	2.84422743154954E-05	0.00237945932718743	0.998705323334054	1.18348950268085E-05	0.00128284177091954
38__Main Tower	551.078048780488	-177.83893311948	1930.42279084067	3473.33357207873	0.997079578610083	4.09610917656102E-05	0.00287946029815141	0.998430022026463	1.70527570754641E-05	0.00155292521646155
37__Main Tower	551.69756097561	-177.820345400282	1930.47580176231	3473.3851370345	0.996548755970866	5.76439250793605E-05	0.0033936001040544	0.998145163581813	2.40105797373823E-05	0.00183082583844967
36__Main Tower	552.317073170732	-177.801612778855	1930.52716845037	3473.43814795613	0.995998195136632	7.98623814717025E-05	0.00392194248189631	0.99785012543689	3.32828636265441E-05	0.00211659169948328
35__Main Tower	552.936585365854	-177.782717992224	1930.57291944416	3473.48951464419	0.995426041207353	0.000109435454421208	0.00446452333822598	0.997544110551591	4.56319969325891E-05	0.00241025745147687
34__Main Tower	553.556097560976	-177.763638543162	1930.60897278727	3473.53526563798	0.994829882705107	0.000148773723626032	0.0050213435712674	0.997226089997801	6.20690086479965E-05	0.00271184099355123
33__Main Tower	554.175609756098	-177.744344996784	1930.63138168828	3473.5713189811	0.994206570234349	0.000201069323022331	0.00559236044262866	0.996894726756422	8.39336880355941E-05	0.00302133955554206
32__Main Tower	554.79512195122	-177.724798732652	1930.63620494392	3473.59372788211	0.993551977250961	0.000270545876977393	0.00617747687206166	0.996548274931078	0.000113000120733868	0.00333872494818776
31__Main Tower	555.414634146342	-177.704948987499	1930.61915537236	3473.59855113774	0.992860685615753	0.000362786824190579	0.00677652756005648	0.996184446990323	0.000151615514328135	0.00366393749534896
30__Main Tower	556.034146341464	-177.684728975934	1930.57512983994	3473.58150156619	0.992125573672725	0.000485165906484932	0.00738926042079004	0.995800239511731	0.000202882516932636	0.00399687797133632
29__Main Tower	556.653658536585	-177.664050815749	1930.49766783235	3473.53747603377	0.991337278328059	0.000647410321434658	0.00801531135050638	0.995391705148931	0.000270898185238485	0.00433739666583026
28__Main Tower	557.273170731707	-177.642798908919	1930.37834098632	3473.46001402617	0.990483494890259	0.000862335329488211	0.00865416978025236	0.99495365510166	0.000361066451407292	0.00468527844693292
27__Main Tower	557.892682926829	-177.620821338008	1930.20604655239	3473.34068718015	0.989548069215357	0.00114679908650254	0.00930513169814034	0.994479272173585	0.000480505472607599	0.00504022235380764
26__Main Tower	558.512195121951	-177.597918730581	1929.96616000257	3473.16839274622	0.988509826131812	0.00152293804485044	0.00996723582333787	0.993959609537192	0.000638576667140419	0.00540181379566791
25__Main Tower	559.131707317073	-177.57382992516	1929.63949227416	3472.9285061964	0.987341066772161	0.00201975588780965	0.0106391773400296	0.993382944701063	0.000847568457225452	0.0057694868417115
24__Main Tower	559.751219512195	-177.5482136515	1929.20099323528	3472.60183846799	0.986005656698738	0.00267515124381629	0.0113191920574457	0.992733952264957	0.00112357438977267	0.00614247334527051
23__Main Tower	560.370731707317	-177.520625338038	1928.61814377777	3472.16333942911	0.984456619411543	0.00353847846641056	0.0120049021220469	0.991992653710338	0.00148761152555213	0.00651973476410951
22__Main Tower	560.990243902439	-177.490488123603	1927.84898855824	3471.5804899716	0.982633151256844	0.00467373607479259	0.012693112668363	0.991133099421411	0.00196702901088477	0.00689987156770469
21__Main Tower	561.609756097561	-177.457057257103	1926.83978477928	3470.81133475207	0.980456993175615	0.00616345932837583	0.0133795474960093	0.99012174050567	0.00259725529879035	0.00728100419553981
20__Main Tower	562.229268292683	-177.419377450281	1925.52229278927	3469.80213097311	0.977828147506348	0.00811334063875731	0.0140585118548952	0.988915461214136	0.0034239198556723	0.00766061893019171
19__Main Tower	562.848780487805	-177.376233617401	1923.81082929413	3468.48463898309	0.974620038255553	0.0106574885002421	0.0147224732442054	0.987459275731917	0.00450535195081942	0.00803537231726405
18__Main Tower	563.468292682927	-177.326097112008	1921.5993688616	3466.77317548796	0.970674415991337	0.0139640246666485	0.0153615593420144	0.985683759514881	0.00591539062911615	0.00840084985600293
17__Main Tower	564.087804878049	-177.26707249483	1918.75924370046	3464.56171505542	0.965796649903593	0.0182403603860936	0.015962989710313	0.983502404731088	0.00774631510683871	0.00875128016207304
16__Main Tower	564.707317073171	-177.196854560812	1915.138379629	3461.72158989429	0.959752579340378	0.0237369305088759	0.016510490150746	0.980809286456327	0.0101114965360409	0.00907921700763222
15__Main Tower	565.326829268293	-177.112712253425	1910.56351361404	3458.10072582283	0.952268844761274	0.03074736366147	0.0169837915772558	0.977477725665614	0.0131470526749988	0.00937522165938749
14__Main Tower	565.946341463415	-177.011525130578	1904.84738863434	3453.52585980786	0.943039538327309	0.0396020687441989	0.0173583929284923	0.97336104588964	0.0170113441456624	0.00962760996469784
13__Main Tower	566.565853658537	-176.889907812514	1897.8032913705	3447.80973482817	0.93174288861858	0.0506512462206255	0.0176058651607947	0.96829700351354	0.0218806224240138	0.00982237406244595
12__Main Tower	567.185365853659	-176.744464323952	1889.26904628214	3440.76563756433	0.91807199429769	0.0642329400987563	0.0176950656035532	0.962117883748695	0.0279386734469016	0.00994344280440382
11__Main Tower	567.804878048781	-176.572209531806	1879.14104022524	3432.23139247597	0.901782412213623	0.0806229288507768	0.0175946589356003	0.954668278259244	0.0353582312404755	0.00997349050028014
10__Main Tower	568.424390243903	-176.371167380622	1867.41537601874	3422.10338641907	0.882755487599297	0.0999673103358862	0.0172772020648165	0.945831673568493	0.0442728237707924	0.00989550266071442
9__Main Tower	569.043902439025	-176.141094652409	1854.2278441349	3410.37772221256	0.861068944234044	0.122206422642207	0.0167246331237494	0.935564580716024	0.0547402174751082	0.00969520180886801
8__Main Tower	569.663414634147	-175.884186515115	1839.87868212263	3397.19019032873	0.837056605947667	0.147009112659346	0.0159342813929868	0.923932800115646	0.0667030294642055	0.00936417042014837
7__Main Tower	570.282926829268	-175.605527093114	1824.82589059505	3382.84102831646	0.811331785163453	0.173744524942741	0.0149236898938058	0.911139486653382	0.0799574251232303	0.00890308822338777
6__Main Tower	570.90243902439	-175.313019870722	1003.48913194958	3367.78823678888	0.784751196138203	0.20151667708154	0.013732126780257	0.897531693758832	0.0941442308536208	0.00832407538754739
5__Main Tower	571.521951219512	-175.016662028162	995.262815833534	3352.55730226882	0.758315578791475	0.229267279288542	0.0124171419199827	0.883576020388393	0.108773051524182	0.00765092808742574
4__Main Tower	572.141463414634	-174.849634945705	2377.15106900483	3344.33098615278	0.744243374639646	0.244103822026906	0.011652803333448	0.875951947645599	0.11680341820237	0.00724463415203097
3__Main Tower	572.760975609756	-174.514188380756	2356.7523641879	3231.50262515435	0.714576526945794	0.272894540681809	0.0125289323723968	0.859131640497521	0.132934016604702	0.00793434289777611
2__Main Tower	573.380487804878	-174.103379539214	2332.87557529005	3211.10392033743	0.678910271154666	0.307889955876817	0.0131997729685172	0.838087836467902	0.153358417632608	0.00855374589949105
1__Main Tower	574	-173.622714051339	2377.48644465354	3187.22713143957	0.638295959534681	0.34816816763718	0.0135358728281392	0.812907364470299	0.178077650787563	0.00901498474213828
