Place	P	T	L	V	x_N2	x_O2	x_Ar	y_N2	y_O2	y_Ar
Condenser	548.6	-177.9190473542	2201.184238177	6.34806545855312E-05	0.999992613792406	1.18264885066717E-08	7.37438110530842E-06	0.99999602411519	4.9118233794854E-09	3.97097298644205E-06
42__Main Tower	548.6	-177.919001175819	2201.09184517375	3433.91921979391	0.999986276794339	2.84752609949752E-08	1.3694730400222E-05	0.999992613792469	1.18264883788448E-08	7.3743810423918E-06
41__Main Tower	549.219512195122	-177.904201462193	2201.42277238154	3471.65681203621	0.999978814158384	5.38732815203467E-08	2.11319683348904E-05	0.99998859602357	2.23821047142776E-08	1.1381594325527E-05
40__Main Tower	549.839024390244	-177.889407047165	2201.76244406049	3471.987739244	0.999970025890521	9.26063537685295E-08	2.98815031249706E-05	0.99998386409896	3.84863658316673E-08	1.60974146746583E-05
39__Main Tower	550.458536585366	-177.874611840773	2202.10718310629	3472.32741092295	0.999959675670324	1.51658367728475E-07	4.01726713086077E-05	0.999978291066478	6.30480618429162E-08	2.16458854607046E-05
38__Main Tower	551.078048780488	-177.859815295192	2202.45589105128	3472.67214996875	0.999947483700935	2.41662782823238E-07	5.22746362820177E-05	0.999971726915706	1.00497336752617E-07	2.81725869573953E-05
37__Main Tower	551.69756097561	-177.845014938209	2202.80651327126	3473.02085791374	0.999933117962574	3.7880536828274E-07	6.6503232058145E-05	0.9999639940289	1.57579802598547E-07	3.58483912972952E-05
36__Main Tower	552.317073170732	-177.83020782112	2203.15304781522	3473.37148013372	0.999916183308806	5.87716619296281E-07	8.32289745749251E-05	0.999954881634473	2.44563893873059E-07	4.48738016330859E-05
35__Main Tower	552.936585365854	-177.815390410176	2203.48809370031	3473.71801467768	0.999896207758812	9.05866714943678E-07	0.000102886374473209	0.999944138915643	3.77076083048034E-07	5.54840082738932E-05
34__Main Tower	553.556097560976	-177.800558445671	2203.80550810488	3474.05306056277	0.999872624964364	1.3902413522812E-06	0.000125984794283645	0.999931466324805	5.78889500917933E-07	6.79547856945313E-05
33__Main Tower	554.175609756098	-177.785706755689	2204.1027858798	3474.37047496734	0.999844751385334	2.12747890724593E-06	0.000153121135758574	0.99991650445351	8.86159922630368E-07	8.26093865677125E-05
32__Main Tower	554.79512195122	-177.770829005405	2204.38221444917	3474.66775274226	0.999811756033828	3.24925907234159E-06	0.000184994707099275	0.999898819517291	1.35385851040936E-06	9.98266241988365E-05
31__Main Tower	555.414634146342	-177.755917353922	2204.65037462826	3474.94718131163	0.999772619671816	4.95565699748448E-06	0.000222424671186294	0.999877884098591	2.0655379366175E-06	0.000120050363472195
30__Main Tower	556.034146341464	-177.740961977418	2204.91615108002	3475.21534149072	0.999726078911845	7.55057608766019E-06	0.000266370512067101	0.999853051183331	3.14815523715836E-06	0.000143800661431625
29__Main Tower	556.653658536585	-177.725950397613	2205.18795766387	3475.48111794248	0.999670548532184	1.14954897877999E-05	0.000317955978028186	0.999823518624626	4.79456308973971E-06	0.000171686812284488
28__Main Tower	557.273170731707	-177.710866524832	2205.47124624887	3475.75292452633	0.999604012100948	1.74909236070945E-05	0.000378496975444732	0.999788279811071	7.29762515340319E-06	0.000204422563775326
27__Main Tower	557.892682926829	-177.695689279866	2205.76701611259	3476.03621311133	0.999523866135938	2.65999440647433E-05	0.000449533919997241	0.999746054261955	1.11019428571414E-05	0.000242843795187686
26__Main Tower	558.512195121951	-177.680390590904	2206.07167133893	3476.33198297505	0.999426695686204	4.04352184269884E-05	0.000532869095368881	0.999695188769606	1.68822499857332E-05	0.000287928980408647
25__Main Tower	559.131707317073	-177.66493245933	2206.37794962999	3476.63663820139	0.999307948170003	6.14422091861583E-05	0.000630609620810517	0.999633515033435	2.5662163033486E-05	0.000340822803531336
24__Main Tower	559.751219512195	-177.64926263435	2206.67619680734	3476.94291649245	0.999161455738511	9.33276234214995E-05	0.000745216638067944	0.999558142715888	3.89939567898342E-05	0.000402863327322089
23__Main Tower	560.370731707317	-177.63330820604	2206.95523165634	3477.2411636698	0.998978731689841	0.000141707099775991	0.000879561210382525	0.999465156360848	5.92305398838059E-05	0.000475613099268094
22__Main Tower	560.990243902439	-177.616966082229	2207.20239878393	3477.5201985188	0.998747929600887	0.000215083331662428	0.00103698706745105	0.999349168957414	8.99365736734524E-05	0.000560894468912864
21__Main Tower	561.609756097561	-177.600088802178	2207.40285400343	3477.76736564639	0.998452299143748	0.000326321277946725	0.00122137957830508	0.999202661606366	0.000136509266431927	0.000660829127202122
20__Main Tower	562.229268292683	-177.582463380688	2207.537047355	3477.96782086589	0.998067891853585	0.000494869199598317	0.00143723894681644	0.999015004128828	0.000207114494349704	0.000777881376822182
19__Main Tower	562.848780487805	-177.563779764524	2207.57844335452	3478.10201421746	0.997560152752887	0.000750094450445745	0.00168975279666691	0.998771000691865	0.00031409576647381	0.000914903541660781
18__Main Tower	563.468292682927	-177.543583866116	2207.48900198314	3478.14341021698	0.996878864418971	0.00113627652153561	0.00198485905949359	0.998448730196592	0.00047608944494388	0.00107518035846396
17__Main Tower	564.087804878049	-177.521207856452	2207.21285615334	3478.0539688456	0.995950674606895	0.00172004390026102	0.0023292814928435	0.998016345580889	0.000721188622514556	0.0012624657965967
16__Main Tower	564.707317073171	-177.49566726881	2206.66730030031	3477.7778230158	0.994668123033765	0.00260137090203201	0.00273050606420271	0.997427349250552	0.00109165053931869	0.00148100021012961
15__Main Tower	565.326829268293	-177.465510438337	2205.730224816	3477.23226716277	0.992873694507964	0.00392966317941072	0.00319664231262544	0.996613667911057	0.00165084604384858	0.00173548604509473
14__Main Tower	565.946341463415	-177.42860121786	2204.22303083068	3476.29519167846	0.990337025677769	0.00592690014564744	0.0037360741765839	0.995475616653875	0.00249339926460883	0.0020309840815161
13__Main Tower	566.565853658537	-177.381812150696	2201.88813597491	3474.78799769314	0.986723179854262	0.00892007777861366	0.00435674236712478	0.993867615745789	0.00375971853173905	0.00237266572247218
12__Main Tower	567.185365853659	-177.320606139851	2198.36090627611	3472.45310283737	0.981550379823927	0.0133848113428795	0.00506480883319307	0.991578444243101	0.00565624009233575	0.00276531566456329
11__Main Tower	567.804878048781	-177.238498926505	2193.13823421728	3468.92587313857	0.974137854130533	0.0199998088747542	0.00586233699471248	0.988305224766765	0.00848235508525481	0.00321242014798011
10__Main Tower	568.424390243903	-177.126440302826	2185.55172804342	3463.70320107974	0.963550633154246	0.0297058489184057	0.00674351792734794	0.983621966927208	0.0126634292836955	0.00371460378909655
9__Main Tower	569.043902439025	-176.972260100772	2174.76468006847	3456.11669490588	0.948561617651662	0.0437493720245608	0.00768901032377717	0.976947722433781	0.0187851540310065	0.0042671235352124
8__Main Tower	569.663414634147	-176.760535939986	2159.82932738993	3445.32964693093	0.927675507043036	0.0636660480960907	0.00865844486087302	0.967528285170893	0.0276155299581466	0.00485618487096079
7__Main Tower	570.282926829268	-176.473566351122	2139.85801283771	3430.39429425239	0.899291981006886	0.0911254156915973	0.00958260330151694	0.954460644394382	0.0400851333893803	0.00545422221623828
6__Main Tower	570.90243902439	-176.094447335403	1450.66786849059	3410.42297970018	0.862104106249327	0.127536192021799	0.0103597017288736	0.93680835270622	0.0571763288975658	0.00601531839621429
5__Main Tower	571.521951219512	-175.613057500359	1429.61440324922	3385.01533876533	0.815767159464631	0.173368861194326	0.0108639793410427	0.913860535536678	0.0796655071513654	0.00647395731195683
4__Main Tower	572.141463414634	-175.211060233678	2813.78487835348	3363.96187352396	0.778403869712196	0.210655826909359	0.0109403033784446	0.894492208311042	0.0988438458525757	0.0066639458363824
3__Main Tower	572.760975609756	-174.929738388244	2792.79153584432	3253.4157344585	0.753068834483437	0.235132576498151	0.0117985890184127	0.880743117731951	0.11196028641845	0.00729659584959826
2__Main Tower	573.380487804878	-174.50801715656	2762.17109529307	3232.42239194934	0.715340839300716	0.27199893381818	0.0126602268811032	0.859518469235436	0.132467046288695	0.00801448447586902
1__Main Tower	574	-173.900644003551	2792.20714469805	3201.80195139809	0.662373754605585	0.324315796453026	0.0133104489413886	0.827988835423963	0.163289540718932	0.00872162385710418
