Place	P	T	L	V	x_N2	x_O2	x_Ar	y_N2	y_O2	y_Ar
Condenser	548.6	-177.915315970092	1930.50728616313	4.32785894217379E-06	0.999478169622246	2.80419874871132E-06	0.000519026179005276	0.999719314028314	1.16488051540755E-06	0.00027952109117067
42__Main Tower	548.6	-177.912058755002	1930.2586597236	3427.49215306723	0.999029606483928	6.74934181657761E-06	0.000963644174255838	0.999478169622551	2.80419874664137E-06	0.000519026178702856
41__Main Tower	549.219512195122	-177.893942576052	1930.34712445535	3473.18266007854	0.998566012625337	1.20205842104766E-05	0.00142196679045276	0.99922887582867	4.99675448467581E-06	0.000766127416845586
40__Main Tower	549.839024390244	-177.875719542623	1930.41609130746	3473.27112481028	0.998086801773351	1.90588389489054E-05	0.00189413938770029	0.998971218229249	7.92640848342433E-06	0.00102085536226731
39__Main Tower	550.458536585366	-177.857383179982	1930.47533321995	3473.34009166239	0.99759126347772	2.84502497700548E-05	0.0023802862725099	0.998704873943592	1.18382173491357E-05	0.00128328783905865
38__Main Tower	551.078048780488	-177.838925366647	1930.52931886447	3473.39933357488	0.997078513795098	4.09736171562867E-05	0.0028805125877456	0.998429448926114	1.70579784409698E-05	0.00155349309544497
37__Main Tower	551.69756097561	-177.82033576076	1930.57866111119	3473.45331921941	0.996547433630957	5.76631157669353E-05	0.00339490325327562	0.998144451992358	2.40185852800954E-05	0.00183152942236173
36__Main Tower	552.317073170732	-177.801601057007	1930.62193264502	3473.50266146613	0.995996589389767	7.98911608011201E-05	0.00392351944943149	0.99784926159582	3.32948777209162E-05	0.00211744352645918
35__Main Tower	552.936585365854	-177.782704008422	1930.65682695021	3473.54593299995	0.995424128706376	0.00010947780530772	0.00446639348831624	0.997543082168192	4.56496893576783E-05	0.00241126814245043
34__Main Tower	553.556097560976	-177.763622133139	1930.68067488535	3473.58082730515	0.994827642636852	0.000148835023797291	0.00502352233935087	0.997224886293303	6.2094636193675E-05	0.00271301907050317
33__Main Tower	554.175609756098	-177.744326006246	1930.69053625795	3473.60467524028	0.994203983698449	0.000201156792217628	0.00559485950933363	0.996893338181387	8.39702836118839E-05	0.00302269153500105
32__Main Tower	554.79512195122	-177.724777008934	1930.68305240972	3473.61453661289	0.993549026273578	0.000270669168281018	0.00618030455814148	0.996546692700684	0.000113051743779684	0.00334025555553622
31__Main Tower	555.414634146342	-177.70492436976	1930.65416896652	3473.60705276466	0.992857352016492	0.000362958795867363	0.00677968918764084	0.996182662558943	0.000151687578229263	0.00366564986282757
30__Main Tower	556.034146341464	-177.684701284689	1930.59877480408	3473.57816932145	0.992121837905457	0.000485403615260453	0.0073927584792825	0.995798244056052	0.000202982211304629	0.00399877373264316
29__Main Tower	556.653658536585	-177.664019841795	1930.51026262116	3473.52277515901	0.991333118317809	0.000647736282242949	0.0080191453999485	0.995389489075801	0.000271035012979918	0.00433947591121943
28__Main Tower	557.273170731707	-177.642764401221	1930.37999308446	3473.4342629761	0.990478884822233	0.000862779088189617	0.00865833608957692	0.994951207560709	0.000361252901562309	0.00468753953772847
27__Main Tower	557.892682926829	-177.620782989967	1930.19663179027	3473.30399343939	0.989542978209915	0.00114739914699195	0.00930962264309308	0.994476580541138	0.000480757848720099	0.005042661610142
26__Main Tower	558.512195121951	-177.597876164249	1929.94532059015	3473.1206321452	0.988504216759491	0.00152374417360423	0.00997203906690509	0.993956658845533	0.000638916084241005	0.00540442507022638
25__Main Tower	559.131707317073	-177.573782673477	1929.60663873372	3472.86932094509	0.98733489342141	0.00202083177663386	0.0106442748019565	0.993379717012163	0.000848022004573008	0.00577226098326375
24__Main Tower	559.751219512195	-177.548161139478	1929.15530446577	3472.53063908865	0.985998863907201	0.00267657742927432	0.011324558663525	0.99273042602906	0.00112417642440881	0.00614539754653145
23__Main Tower	560.370731707317	-177.520566865166	1928.55856565765	3472.07930482071	0.984449140422969	0.00354035525851018	0.0120105043185208	0.991988803211884	0.00148840500384502	0.00652279178427113
22__Main Tower	560.990243902439	-177.490422851892	1927.77423464547	3471.48256601259	0.982624907297308	0.00467618600472054	0.0126989066979712	0.991128894508928	0.00196806666745337	0.00690303882361887
21__Main Tower	561.609756097561	-177.45698421249	1926.74834581063	3470.6982350004	0.980447894295156	0.00616662824119298	0.0133854774636515	0.990117146946451	0.00259860032511669	0.00728425272843177
20__Main Tower	562.229268292683	-177.419295549992	1925.41246693726	3469.67234616557	0.977818096343612	0.00811739598306742	0.0140645076733207	0.988910442226817	0.00342564549117356	0.007663912282009
19__Main Tower	562.848780487805	-177.376141742578	1923.68079334238	3468.3364672922	0.974608938766334	0.0106626125707025	0.0147284486629638	0.987453795540409	0.00450753905736659	0.00803866540222466
18__Main Tower	563.468292682927	-177.325994253014	1921.44732146625	3466.60479369732	0.97066218997336	0.0139703995750474	0.0153674104515922	0.985677790118751	0.00591812187877762	0.0084040880024716
17__Main Tower	564.087804878049	-177.266958004264	1918.58366120958	3464.37132182119	0.965783264805769	0.0182481405930858	0.0159685946011456	0.983495937416949	0.00774966394038803	0.00875439864266349
16__Main Tower	564.707317073171	-177.196728551336	1914.93842702368	3461.50766156451	0.959738090788417	0.0237461984267061	0.0165157107848769	0.980802349671401	0.0101155087546644	0.00908214157393418
15__Main Tower	565.326829268293	-177.112576164091	1910.33963805554	3457.86242737862	0.952253455350754	0.0307580653280324	0.0169884793212131	0.977470410305898	0.0131517188678465	0.00937787082625566
14__Main Tower	565.946341463415	-177.011382439755	1904.60207761334	3453.26363841047	0.943023668800427	0.0396139318060702	0.0173623993935031	0.973353537096609	0.0170165629400465	0.009629899963345
13__Main Tower	566.565853658537	-176.889764777648	1897.54188820039	3447.52607796828	0.931727246642338	0.0506636937427463	0.0176090596149156	0.968289613793201	0.0218861588801339	0.00982422732666553
12__Main Tower	567.185365853659	-176.744330467593	1889.00037591502	3440.46588855532	0.918057609284133	0.0642450319902427	0.0176973587256242	0.962111075024619	0.0279441246818266	0.00994480029355459
11__Main Tower	567.804878048781	-176.572097401892	1878.8774320288	3431.92437626995	0.901770586710081	0.0806333836592689	0.0175960296306506	0.954662651498268	0.0353630217160236	0.00997432678570883
10__Main Tower	568.424390243903	-176.371091015081	1867.17156236373	3421.80143238373	0.882747611350923	0.0999746689241221	0.0172777197249549	0.945827899114642	0.0442762604683117	0.00989584041704598
9__Main Tower	569.043902439025	-176.141066414204	1854.01834192606	3410.09556271867	0.861066150929941	0.122209385112972	0.0167244639570875	0.935563251446687	0.0547416287913556	0.00969511976195714
8__Main Tower	569.663414634147	-175.884212780678	1839.71388274106	3396.942342281	0.837059344386559	0.147006987575447	0.0159336680379936	0.923934225822136	0.066701976480517	0.00936379769734691
7__Main Tower	570.282926829268	-175.605604556526	1824.70827985535	3382.63788309599	0.811339500334881	0.173737597228004	0.0149229024371157	0.911143509534408	0.079953909320172	0.00890258114541998
6__Main Tower	570.90243902439	-175.313135009345	1003.51930559339	3367.63228021029	0.784762363451525	0.201506236802946	0.0137313997455292	0.897537649089188	0.0941387694590754	0.0083235814517367
5__Main Tower	571.521951219512	-175.016758285672	995.327092944759	3352.50680886088	0.758324685369213	0.229258524054552	0.0124167905762352	0.883581005585763	0.108768324534674	0.00765066987956305
4__Main Tower	572.141463414634	-174.849688940243	2377.20624370306	3344.31459621225	0.744248419791	0.244098918725725	0.0116526614832758	0.875954751175143	0.116800725172234	0.0072445236526228
3__Main Tower	572.760975609756	-174.514259895648	2356.80956146441	3231.47713280084	0.71458305867684	0.272888166841036	0.0125287744821246	0.859135406819239	0.132930382953613	0.00793421022714789
2__Main Tower	573.380487804878	-174.103455934959	2332.94227038989	3211.08045056219	0.678917051288475	0.307883305149616	0.013199643561909	0.838091931144706	0.153354444865538	0.00855362398975561
1__Main Tower	574	-173.622769463823	2377.56711170529	3187.21315948767	0.638300711375603	0.348163481064231	0.0135358075601662	0.812910397928465	0.178074690214702	0.0090149118568328
