Place	P	T	L	V	x_N2	x_O2	x_Ar	y_N2	y_O2	y_Ar
Condenser	548.6	-177.90771984679	1839.57536918407	4.58654115669516E-07	0.998436329879725	2.73780031662539E-05	0.00153629211710885	0.999161041575952	1.13775437515493E-05	0.000827580880296579
42__Main Tower	548.6	-177.897835682505	1838.95336709279	3424.63099217786	0.997083191176107	6.58458402532692E-05	0.00285096298363964	0.998436329879822	2.7378003164111E-05	0.00153629211701394
41__Main Tower	549.219512195122	-177.873278771331	1838.6866874862	3472.65096370566	0.995744592394796	0.000114743031618776	0.00414066457358541	0.997719770973912	4.77487686903E-05	0.0022324802573981
40__Main Tower	549.839024390244	-177.848791379411	1838.4216224988	3472.38428409907	0.994418906968621	0.000176812499278169	0.00540428053210094	0.997011008983627	7.36392754268328E-05	0.00291535174094653
39__Main Tower	550.458536585366	-177.824349604319	1838.15631665503	3472.11921911167	0.993103743603585	0.000255503401361912	0.00664075299505324	0.996309180239959	0.000106500749666359	0.00358431901037491
38__Main Tower	551.078048780488	-177.799920979951	1837.88834766491	3471.85391326791	0.991795780109854	0.000355148481446887	0.00784907140869896	0.99561301778419	0.000148157895451714	0.00423882432035778
37__Main Tower	551.69756097561	-177.775462519925	1837.61459717327	3471.58594427778	0.990490558158776	0.00048118438885311	0.0090282574523712	0.994920764014529	0.000200902597516577	0.00487833338795454
36__Main Tower	552.317073170732	-177.750918298616	1837.33108759096	3471.31219378614	0.989182230020695	0.000640424718411023	0.0101773452608944	0.994230062830042	0.000267610281932173	0.00550232688802601
35__Main Tower	552.936585365854	-177.726216466159	1837.03277978789	3471.02868420383	0.987863246652089	0.000841397396460433	0.0112953559514501	0.993537826610159	0.000351884047493472	0.00611028934234778
34__Main Tower	553.556097560976	-177.701265574936	1836.71332436899	3470.73037640076	0.986523974667336	0.00109476009120355	0.012381265241461	0.992840072502799	0.000458232649503767	0.00670169484769757
33__Main Tower	554.175609756098	-177.675950075316	1836.36475746331	3470.41092098186	0.985152227859764	0.00141380943973853	0.0134339627004974	0.992131721566458	0.000592289464062877	0.00727598896947925
32__Main Tower	554.79512195122	-177.650124819299	1835.97713086348	3470.06235407618	0.983732697234165	0.00181510184688439	0.0144522009189509	0.991406353385207	0.000761080619709268	0.00783256599508347
31__Main Tower	555.414634146342	-177.623608395208	1835.53806582468	3469.67472747635	0.982246262334727	0.00231920504343223	0.015434532621841	0.990655907967621	0.000973351430406138	0.00837074060197257
30__Main Tower	556.034146341464	-177.596175109765	1835.03222034707	3469.23566243756	0.980669166588685	0.00295159986183281	0.0163792335494827	0.989870326252892	0.00123996088366488	0.00888971286344356
29__Main Tower	556.653658536585	-177.567545443802	1834.44066135348	3468.72981695994	0.978972041373491	0.00374374978646479	0.017284208840044	0.989037120709994	0.0015743538742336	0.00938852541577265
28__Main Tower	557.273170731707	-177.537374847208	1833.74013797244	3468.13825796636	0.977118768992192	0.00473435021034207	0.0181468807974659	0.988140868850224	0.00199311956387894	0.00986601158589692
27__Main Tower	557.892682926829	-177.505240826496	1832.90226028163	3467.43773458531	0.975065185827809	0.00597075767671846	0.0189640564954726	0.987162625768791	0.00251664083217675	0.0103207333990327
26__Main Tower	558.512195121951	-177.470628441819	1831.89260254302	3466.5998568945	0.972757646656656	0.00751057841988528	0.0197317749234591	0.986079258245804	0.00316983299856834	0.0107509087556282
25__Main Tower	559.131707317073	-177.432914607409	1830.66977380694	3465.59019915589	0.970131503490302	0.00942336079935803	0.0204451357103402	0.984862714092577	0.00398295806282418	0.0111543278445993
24__Main Tower	559.751219512195	-177.391352028794	1829.18453448492	3464.36737041981	0.967109602474843	0.0117922821375561	0.0210981153876006	0.983479258477291	0.004992481256089	0.0115282602666204
23__Main Tower	560.370731707317	-177.345054269642	1827.37908997078	3462.88213109779	0.963600975981902	0.0147156407092754	0.021683383308823	0.981888736541187	0.00624190679092315	0.0118693566678903
22__Main Tower	560.990243902439	-177.292984377139	1825.18676365323	3461.07668658365	0.959500009017786	0.0183078525710768	0.0221921384111377	0.980043961530582	0.0077824861870384	0.0121735522823795
21__Main Tower	561.609756097561	-177.233950741065	1822.53234156387	3458.8843602661	0.954686490821712	0.0226995086870961	0.0226140004911916	0.97789038209419	0.00967363290486972	0.01243598500094
20__Main Tower	562.229268292683	-177.166615385	1819.3334826848	3456.22993817674	0.949027116615409	0.0280358779031911	0.0229370054813997	0.975366251196486	0.0119828011557748	0.0126509476477396
19__Main Tower	562.848780487805	-177.089521516795	1815.50368114928	3453.03107929768	0.942379156560342	0.0344730715189768	0.0231477719206815	0.97240359690391	0.0147845002235217	0.0128119028725684
18__Main Tower	563.468292682927	-177.001148488327	1810.95730835337	3449.20127776216	0.934597107169425	0.0421709712603142	0.0232319215702611	0.968930367101625	0.0181580344484347	0.0129115984499408
17__Main Tower	564.087804878049	-176.900002572477	1805.61718331112	3444.65490496624	0.925543095543583	0.0512820609896202	0.0231748434667967	0.964874155985382	0.0221835156468134	0.0129423283678049
16__Main Tower	564.707317073171	-176.784750002533	1799.42482827074	3439.31477992399	0.915101492579854	0.0619356315365653	0.0229628758835804	0.960167870931913	0.0269357426767665	0.0128963863913207
15__Main Tower	565.326829268293	-176.654393129275	1792.35296620212	3433.12242488361	0.903197470050321	0.0742175999746079	0.0225849299750708	0.954757498559855	0.0324757543486871	0.0127667470914575
14__Main Tower	565.946341463415	-176.508480204301	1784.41888865012	3426.05056281499	0.889818029842658	0.0881474902889275	0.0220344798684146	0.948611714106295	0.0388403090955904	0.0125479767981151
13__Main Tower	566.565853658537	-176.347324377371	1775.696195345	3418.11648526299	0.875032443939084	0.103655858810794	0.0213116972501229	0.941732426699562	0.0460302551756146	0.0122373181248233
12__Main Tower	567.185365853659	-176.172190849517	1766.32148213635	3409.39379195787	0.859007487419488	0.120567170729113	0.0204253418513985	0.934164548992422	0.0539996412053608	0.0118358098022174
11__Main Tower	567.804878048781	-175.98539909904	1756.49243938365	3400.01907874922	0.842012086492548	0.138594017016419	0.0193938964910336	0.926002571726467	0.062648210537559	0.0113492177359738
10__Main Tower	568.424390243903	-175.79028841829	1746.45510574296	3390.19003599652	0.824406920914247	0.157347634906364	0.0182454441793893	0.917391315314698	0.0718201834781639	0.0107885012071381
9__Main Tower	569.043902439025	-175.591016596001	1736.48077265763	3380.15270235583	0.806617571149209	0.176366436058322	0.0170159927924695	0.908518927738389	0.0813115062953243	0.0101695659662864
8__Main Tower	569.663414634147	-175.392202500264	1726.83646092486	3370.1783692705	0.789094404405171	0.195159250411226	0.0157463451836029	0.89960192117086	0.0908858876219342	0.00951219120720593
7__Main Tower	570.282926829268	-175.19847100637	1717.75547528118	3360.53405753774	0.772266810279128	0.213255130304177	0.0144780594166949	0.890864359615508	0.100297402408055	0.00883823797643713
6__Main Tower	570.90243902439	-175.013992694881	855.92183129273	3351.45307189406	0.756501508951029	0.230249144696385	0.0132493463525858	0.882515288378839	0.10931523945902	0.00816947216214093
5__Main Tower	571.521951219512	-174.84211376879	852.133913583563	3343.11263839182	0.742073319152325	0.245834921745921	0.0120917591017544	0.874729154334418	0.117745383197157	0.0075254624684252
4__Main Tower	572.141463414634	-174.756382536142	2233.02762899985	3339.32472068266	0.735616170560539	0.252826969436605	0.0115568600028561	0.871181457048778	0.121594968151657	0.0072235747995646
3__Main Tower	572.760975609756	-174.399497667153	2212.8510160881	3225.50182192923	0.704186873323537	0.2833174981795	0.0124956284969632	0.85314490413335	0.138889174853519	0.00796592101313086
2__Main Tower	573.380487804878	-173.992581843494	2190.98197644106	3205.32520901748	0.669144798856799	0.317682805691123	0.0131723954520777	0.832186961902234	0.159221626159586	0.0085914119381798
1__Main Tower	574	-173.549968906153	2239.36380787369	3183.45616937044	0.632089343875014	0.354409756891532	0.0135008992334545	0.808948911611626	0.182020718707463	0.00903036968091149
