Place	P	T	L	V	x_N2	x_O2	x_Ar	y_N2	y_O2	y_Ar
Condenser	548.6	-177.918109744462	2022.20404168165	8.39650291826849E-07	0.999863247090961	3.9341040540889E-07	0.00013635949863379	0.999926407239368	1.6340077079125E-07	7.34293598611409E-05
42__Main Tower	548.6	-177.917258340749	2022.04030236476	3432.01706450219	0.999745837979382	9.47148775577399E-07	0.000253214871842366	0.999863247090976	3.93410405352618E-07	0.000136359498618394
41__Main Tower	549.219512195122	-177.901592409374	2022.25926300383	3475.11844342287	0.999618890759801	1.72222522020718E-06	0.000379387014978979	0.999794931158917	7.15609869824293E-07	0.000204353231212694
40__Main Tower	549.839024390244	-177.885862743262	2022.47806878678	3475.33740406194	0.999481621271476	2.8066446580019E-06	0.000515572083865925	0.999721058924272	1.16663261534632E-06	0.000277774443112547
39__Main Tower	550.458536585366	-177.870062724158	2022.69657901172	3475.55620984489	0.999333161882199	4.32324967811956E-06	0.000662514868122536	0.999641173326724	1.79770746056619E-06	0.000357028965815462
38__Main Tower	551.078048780488	-177.854184904633	2022.912886656	3475.77472006983	0.999172544817601	6.44344662268867E-06	0.000821011735776241	0.999554768658195	2.6803458638216E-06	0.000442550995940798
37__Main Tower	551.69756097561	-177.83822081082	2023.12487847797	3475.99102771412	0.998998680291826	9.40630874845302E-06	0.000991913399425974	0.999461280998866	3.91433325328047E-06	0.00053480466788114
36__Main Tower	552.317073170732	-177.822160675927	2023.33067097787	3476.20301953608	0.998810327160338	1.35451513103607E-05	0.0011761276883514	0.999360075500995	5.63885169935362E-06	0.000634285647305347
35__Main Tower	552.936585365854	-177.805993077623	2023.52862607061	3476.40881203598	0.998606053189775	1.93244823013735E-05	0.00137462232792319	0.999250429293962	8.04795340892956E-06	0.000741522752628988
34__Main Tower	553.556097560976	-177.789704442566	2023.71723252263	3476.60676712872	0.998384181001441	2.73913512120328E-05	0.00158842764734696	0.999131508353187	1.14120755779235E-05	0.000857079571235548
33__Main Tower	554.175609756098	-177.773278367398	2023.89495699023	3476.79537358074	0.998142714250949	3.86466629744591E-05	0.00181863908607636	0.999002336047391	1.61079383491474E-05	0.000981556014259656
32__Main Tower	554.79512195122	-177.756694686071	2024.06009180421	3476.97309804835	0.997879236531397	5.4344154403892E-05	0.00206641931419931	0.998861750202723	2.26600667123661E-05	0.00111558973056462
31__Main Tower	555.414634146342	-177.739928186686	2024.21059565487	3477.13823286232	0.99759077263415	7.62276625461911E-05	0.00233299970330405	0.998708344315648	3.17984166309993E-05	0.00125985726772071
30__Main Tower	556.034146341464	-177.722946844353	2024.34391043668	3477.28873671298	0.997273597893421	0.000106721341415015	0.00261968076516402	0.99854038689094	4.45382911787679E-05	0.00141507481788124
29__Main Tower	556.653658536585	-177.705709386367	2024.45673115525	3477.42205149479	0.996922976005367	0.000149192998982891	0.00292783099565047	0.998355710615513	6.2291073806924E-05	0.00158199831067961
28__Main Tower	557.273170731707	-177.688161937619	2024.54470156034	3477.53487221336	0.996532798455772	0.00020831825212606	0.00325888329210225	0.998151559988076	8.70175104527191E-05	0.00176142250147094
27__Main Tower	557.892682926829	-177.670233401173	2024.60200317083	3477.62284261845	0.996095088870923	0.00029058341574404	0.00361432771333324	0.997924381824864	0.000121439641028614	0.00195417853410725
26__Main Tower	558.512195121951	-177.651829103642	2024.62079848064	3477.68014422895	0.99559932241226	0.000404978823847619	0.00399569876389223	0.99766953738676	0.000169333405385543	0.00216112920785404
25__Main Tower	559.131707317073	-177.632822067186	2024.59047810163	3477.69893953875	0.995031492780811	0.000563952694505466	0.00440455452468378	0.997380907262907	0.00023593192511233	0.00238316081198095
24__Main Tower	559.751219512195	-177.613041048268	2024.49664530205	3477.66861915974	0.99437283636835	0.00078471992957888	0.00484244370207146	0.997050350049849	0.000328480093003197	0.00262116985714803
23__Main Tower	560.370731707317	-177.592254195234	2024.31974963879	3477.57478636016	0.993598093500724	0.00109105163597716	0.00531085486329848	0.996666962676662	0.000456995066569901	0.00287604225676852
22__Main Tower	560.990243902439	-177.570146812297	2024.03325578051	3477.39789069691	0.992673149879305	0.00151571057125389	0.00581113954944144	0.996216073386418	0.000635305219616928	0.00314862139396506
21__Main Tower	561.609756097561	-177.546291274817	2023.60120857983	3477.11139683863	0.991551857764023	0.00210374489911707	0.00634439733686032	0.995677877625414	0.00088246245467031	0.00343965991991565
20__Main Tower	562.229268292683	-177.520106639757	2022.97503603102	3476.67934963795	0.990171789503809	0.00291690454070672	0.00691130595548427	0.995025602949672	0.00122464914024951	0.00374974791007854
19__Main Tower	562.848780487805	-177.490805002301	2022.08943379579	3476.05317708913	0.988448634929977	0.00403949204958767	0.00751187302043481	0.994223063882393	0.00169772912661177	0.00407920699099549
18__Main Tower	563.468292682927	-177.457321324026	2020.85722193605	3475.16757485391	0.986268939445999	0.00558598274959885	0.00814507780440208	0.993221447481479	0.00235061638654278	0.00442793613197795
17__Main Tower	564.087804878049	-177.418223631175	2019.16320078976	3473.93536299417	0.983480932506885	0.00771070501358608	0.00880836247952856	0.991955168237758	0.00324964170532737	0.00479519005691467
16__Main Tower	564.707317073171	-177.371601784914	2016.85733598873	3472.24134184787	0.979883392579608	0.0106196827555591	0.00949692466483346	0.99033667232405	0.00448406142856202	0.00517926624738808
15__Main Tower	565.326829268293	-177.314936571486	2013.74817291604	3469.93547704685	0.975212964452569	0.0145842731978704	0.0102027623495607	0.988250202292372	0.00617272478671905	0.00557707292090876
14__Main Tower	565.946341463415	-177.244958443962	2009.59834546462	3466.82631397416	0.969131288835429	0.0199552717995213	0.01091343936505	0.98554483101549	0.00847161712232212	0.00598355186218771
13__Main Tower	566.565853658537	-177.157519411811	2004.12546535395	3462.67648652273	0.961214987147539	0.0271744184947853	0.0116105943576757	0.982027652947665	0.0115814032883987	0.00639094376393588
12__Main Tower	567.185365853659	-177.04752512683	1997.01338427094	3457.20360641206	0.950954205322958	0.0367774556455822	0.0122683390314597	0.977459023688984	0.0157530541928845	0.00678792211813186
11__Main Tower	567.804878048781	-176.909008298395	1987.94009180927	3450.09152532905	0.937768991901539	0.0493790905408739	0.0128519175575875	0.971553270296012	0.0212880273698577	0.00715870233413007
10__Main Tower	568.424390243903	-176.735463948029	1976.62767020438	3441.01823286738	0.921056281938654	0.0656263753534874	0.0133173427078581	0.96399024351807	0.0285273831163471	0.00748237336558303
9__Main Tower	569.043902439025	-176.520591715358	1962.91430343679	3429.70581126249	0.900280853819439	0.0861060311531568	0.0136131150274043	0.954444766178312	0.0378223346880099	0.00773289913367848
8__Main Tower	569.663414634147	-176.25955708754	1946.83656661785	3415.9924444949	0.875116117800307	0.111198566172863	0.0136853160268308	0.942640724705673	0.0494788365504589	0.00788043874386834
7__Main Tower	570.282926829268	-175.95073029685	1928.69479496832	3399.91470767596	0.845619267265426	0.140893871450499	0.0134868612840758	0.928431374892729	0.063673952157713	0.0078946729495576
6__Main Tower	570.90243902439	-175.597553711039	1151.05276141897	3381.77293602643	0.812390783893168	0.174619201432727	0.0129900146741047	0.911894726828863	0.0803548473851317	0.00775042578600516
5__Main Tower	571.521951219512	-175.209807297131	1138.73390150596	3362.15738416714	0.7766368122684	0.211164565095639	0.0121986226359609	0.89341380191306	0.0991513562480458	0.00743484183889387
4__Main Tower	572.141463414634	-174.958823552749	2521.40346193053	3349.83852425413	0.75446336502179	0.233972024983737	0.0115646099944732	0.881557663742122	0.111296946681279	0.00714538957659963
3__Main Tower	572.760975609756	-174.642474865597	2500.7778777219	3237.79147050898	0.726338671382265	0.261244754991312	0.0124165736264229	0.865823817688663	0.126370489699775	0.00780569261156186
2__Main Tower	573.380487804878	-174.227311395777	2474.91075957648	3217.16588630035	0.68996248404851	0.296913658451263	0.013123857500227	0.84467578252916	0.146880372519938	0.00844384495090232
1__Main Tower	574	-173.70578788431	2515.44999222462	3191.29876815494	0.645449833260761	0.341031085465745	0.0135190812734945	0.817424564856445	0.173615279578371	0.00896015556518428
