Place	P	T	L	V	x_N2	x_O2	x_Ar	y_N2	y_O2	y_Ar
Condenser	548.6	-177.918870803498	2111.24280921206	1.57789065053608E-07	0.999968246992173	6.37438027163706E-08	3.16892640242161E-05	0.999982909322203	2.6474570917767E-08	1.70642032258915E-05
42__Main Tower	548.6	-177.918673292932	2111.70287483645	3431.71209473711	0.999940998012494	1.5347671139844E-07	5.88485107946186E-05	0.999968246992174	6.37438027146569E-08	3.16892640235436E-05
41__Main Tower	549.219512195122	-177.903705644834	2112.49830744314	3472.70213548451	0.999910216468757	2.84760665545376E-07	8.9498770577696E-05	0.999951677258727	1.18309162437029E-07	4.8204432110498E-05
40__Main Tower	549.839024390244	-177.888720960089	2113.07800741819	3473.4975680912	0.999875437273556	4.76800103538532E-07	0.00012408592634066	0.999932954213039	1.98160982945834E-07	6.6847625978425E-05
39__Main Tower	550.458536585366	-177.873715324245	2113.38291163457	3474.07726806625	0.999836134136454	7.57634248450431E-07	0.00016310822929777	0.999911796268672	3.14981791321242E-07	8.78887495371172E-05
38__Main Tower	551.078048780488	-177.858684293266	2113.4293993584	3474.38217228263	0.999791711704546	1.16816810625399E-06	0.000207120127348021	0.999887885927144	4.85820631872866E-07	0.000111628252223957
37__Main Tower	551.69756097561	-177.843622793408	2113.28994003886	3474.42866000646	0.999741493428603	1.7680421591991E-06	0.000256738529238186	0.999860863907527	7.35544268595573E-07	0.000138400548204197
36__Main Tower	552.317073170732	-177.828524976046	2113.06850076646	3474.28920068692	0.999684703958711	2.64418354082493E-06	0.000312651857748571	0.999830320643191	1.10040953879317E-06	0.000168578947270347
35__Main Tower	552.936585365854	-177.813384016381	2112.87636851986	3474.06776141451	0.999620444887756	3.92326822232746E-06	0.000375631844021318	0.999795784652989	1.63327160216758E-06	0.000202582075409252
34__Main Tower	553.556097560976	-177.798191842001	2112.81197325786	3473.87562916792	0.999547662405742	5.78988703378415E-06	0.000446547707224283	0.9997567072234	2.41117900489974E-06	0.000240881597595282
33__Main Tower	554.175609756098	-177.782938771214	2112.94389537626	3473.81123390592	0.999465104817113	8.51302723346516E-06	0.000526382155653316	0.999712442606113	3.54645001919098E-06	0.000284010943867578
32__Main Tower	554.79512195122	-177.767613032882	2113.29718127368	3473.94315602432	0.999371267074056	1.24846633519914E-05	0.000616248262592345	0.999662222644753	5.20282093883446E-06	0.000332574534308151
31__Main Tower	555.414634146342	-177.752200127068	2113.84613611005	3474.29644192174	0.999264318228634	1.82759472125218E-05	0.000717405824153482	0.999605124270977	7.61896964803456E-06	0.000387256759374886
30__Main Tower	556.034146341464	-177.736681963937	2114.51779178964	3474.84539675811	0.999142005372325	2.67189157152188E-05	0.000831275711959353	0.999540027337195	1.11427390995369E-05	0.000448829923705338
29__Main Tower	556.653658536585	-177.721035681642	2115.20772442828	3475.5170524377	0.999001523530637	3.90251185515315E-05	0.000959451350811883	0.999465558448534	1.62808517615623E-05	0.000518160699704419
28__Main Tower	557.273170731707	-177.705231987776	2115.80599010028	3476.20698507634	0.99883933465642	5.69575849398608E-05	0.00110370775863984	0.999380013626898	2.37710204915994E-05	0.000596215352610838
27__Main Tower	557.892682926829	-177.689232789127	2116.2255623362	3476.80525074833	0.998650909901254	8.30798144263646E-05	0.00126601028431992	0.999281248638795	3.46864279038372E-05	0.000684064933301491
26__Main Tower	558.512195121951	-177.672987768334	2116.42442481603	3477.22482298426	0.998430357706348	0.00012111601709978	0.00144852627655227	0.999166520739793	5.05870029193619E-05	0.000782892257287832
25__Main Tower	559.131707317073	-177.656429424082	2116.41398214671	3477.42368546409	0.998169885048688	0.00017647210568751	0.00165364284562449	0.999032259105282	7.37383981039258E-05	0.000894002496613597
24__Main Tower	559.751219512195	-177.639465898657	2116.25151091819	3477.41324279477	0.997859018931179	0.000256988952610662	0.00188399211620996	0.998873732737925	0.0001074289309671	0.00101883833110793
23__Main Tower	560.370731707317	-177.62197064503	2116.01977733553	3477.25077156625	0.997483486917827	0.000374030859677492	0.00214248222249534	0.998684572801216	0.000156428181414984	0.00115899901736944
22__Main Tower	560.990243902439	-177.603767596889	2115.80083644749	3477.01903798359	0.997023615068833	0.000544056558365927	0.00243232837280135	0.998456089192112	0.00022765001946575	0.00131626078842212
21__Main Tower	561.609756097561	-177.584609949612	2115.65037763059	3476.80009709555	0.996452043817138	0.000790881807264211	0.00275707437559722	0.998176296200514	0.000331109653815134	0.001492594145671
20__Main Tower	562.229268292683	-177.564149890842	2115.57795051802	3476.64963827865	0.995730482759518	0.0011489267151055	0.00312059052537665	0.997828527046516	0.000481301345710677	0.00169017160777304
19__Main Tower	562.848780487805	-177.541895582702	2115.53584681239	3476.57721116608	0.994805119392044	0.00166785194915695	0.00352702865879954	0.9973894690662	0.000699173535596915	0.00191135739820333
18__Main Tower	563.468292682927	-177.517150365787	2115.41721935111	3476.53510746045	0.993600163974919	0.00241912766363686	0.00398070836144407	0.996826388451381	0.00101494368151608	0.00215866786710294
17__Main Tower	564.087804878049	-177.48892756146	2115.06219282414	3476.41647999917	0.99200886114248	0.00350524036221074	0.00448589849530927	0.996093235886209	0.00147207651907564	0.0024346875947156
16__Main Tower	564.707317073171	-177.455832586368	2114.26870569709	3476.0614534722	0.989881157921013	0.00507239831690116	0.00504644376208535	0.995125238226615	0.00213284149931695	0.00274192027406764
15__Main Tower	565.326829268293	-177.415902917719	2112.80295396256	3475.26796634515	0.987007163047656	0.00732767234265941	0.00566516460968515	0.993831506757676	0.0030859490213072	0.00308254422101692
14__Main Tower	565.946341463415	-177.366397066308	2110.40358277319	3473.80221461063	0.983095731622448	0.0105613395791731	0.00634292879837834	0.992085179749785	0.00445679217469331	0.00345802807552143
13__Main Tower	566.565853658537	-177.303528867105	2106.7753030934	3471.40284342125	0.977748299157771	0.0151744435995388	0.00707725724268995	0.989710775159383	0.00642068254460287	0.00386854229601389
12__Main Tower	567.185365853659	-177.222158293692	2101.5719770221	3467.77456374146	0.970430082600388	0.0217096165313102	0.00786030086830186	0.986468973474511	0.0092189469590169	0.00431207956647265
11__Main Tower	567.804878048781	-177.115483421582	2094.37628168305	3462.57123767016	0.960444930891657	0.0308790174152955	0.00867605169304756	0.982040362111972	0.0131764533803684	0.00478318450765935
10__Main Tower	568.424390243903	-176.974842202614	2084.69208534674	3455.37554233111	0.946927607212421	0.0435755732279611	0.00949681955961774	0.976012328221464	0.0187164514071634	0.00527122037137306
9__Main Tower	569.043902439025	-176.7898370604	2071.97475364711	3445.69134599481	0.928878528011623	0.0608420079063617	0.0102794640820156	0.967877908407697	0.0263638643907089	0.00575822720159459
8__Main Tower	569.663414634147	-176.549127710532	2055.72848224426	3432.97401429517	0.905277937022408	0.0837592833301566	0.0109627796474358	0.957061979027949	0.0367212774036479	0.00621674356840285
7__Main Tower	570.282926829268	-176.242321702861	2035.68672788443	3416.72774289233	0.875317811570042	0.11321344262556	0.0114687458043972	0.942996318923769	0.0503951277673882	0.00660855330884298
6__Main Tower	570.90243902439	-175.86323789973	1301.30088585303	3396.68598853249	0.838757510646127	0.149531143228422	0.0117113461254506	0.925263302858237	0.0678506020586843	0.00688609508307893
5__Main Tower	571.521951219512	-175.414123387348	1284.0930114171	3373.13883229422	0.796317308147699	0.192067030436463	0.0116156614158385	0.903803067287587	0.0891981125585709	0.0069988201538424
4__Main Tower	572.141463414634	-175.082281552979	2667.51682336258	3355.93095785829	0.766121781453257	0.222570276032862	0.0113079425138806	0.8878975339705	0.105164422043186	0.00693804398631419
3__Main Tower	572.760975609756	-174.783949104471	2646.79231240651	3244.63815563406	0.739429061703399	0.248411826589445	0.0121591117071556	0.87318745931317	0.119230377800591	0.00758216288623813
2__Main Tower	573.380487804878	-174.364774878364	2618.81944267765	3223.91364467798	0.702320394529701	0.284743464296364	0.012936141173935	0.851961331953871	0.139781656712819	0.00825701133330986
1__Main Tower	574	-173.799982849107	2654.7166685316	3195.94077494912	0.653596153328666	0.332962306004888	0.0134415406664453	0.822538681419359	0.16860174697938	0.0088595716012609
