T	P	x_Ar	x_O2	x_N2	y_Ar	y_O2	y_N2	phil_Ar	phil_O2	phil_N2	phiv_Ar	phiv_O2	phiv_N2	status
-173.8217102	563.4	0.19378788	0.199399568	0.606812552	0.102381677	0.129285689	0.768332634	0.459608884	0.567739778	1.118278871	0.86994474	0.875637064	0.883192572	1
-173.8217102	563.4	0.223384014	0.164089148	0.612526838	0.117203082	0.107261166	0.775535752	0.456351131	0.57246803	1.118236099	0.869784697	0.875767916	0.883195492	1
-173.8217102	563.4	0.252499585	0.129259292	0.618241124	0.131631129	0.085209783	0.783159088	0.453348701	0.577405717	1.118801916	0.869627799	0.875900117	0.883204497	1
-173.8217102	563.4	0.281142179	0.094902411	0.62395541	0.145695875	0.06310887	0.791195255	0.450587704	0.582548301	1.119949143	0.869473778	0.876033778	0.88321939	1
-173.8217102	563.4	0.309310576	0.061019729	0.629669695	0.159421085	0.040942955	0.79963596	0.448056034	0.58789008	1.121651885	0.869322436	0.876168974	0.883239997	1
-173.8217102	563.4	0.337015468	0.027600551	0.635383981	0.172832612	0.018690912	0.808476476	0.445741312	0.593427387	1.123886561	0.869173546	0.876305821	0.883266174	1
-173.8217102	563.5714286	0.191522407	0.201665041	0.606812552	0.101214508	0.130654473	0.768131019	0.459727754	0.567274313	1.11794168	0.869914482	0.87558915	0.883158	1
-173.8217102	563.5714286	0.221152072	0.16632109	0.612526838	0.11606115	0.108635432	0.775303418	0.456453037	0.571986193	1.11785612	0.869754194	0.875719922	0.88316049	1
-173.8217102	563.5714286	0.250293307	0.131465569	0.618241124	0.130510498	0.086594036	0.782895466	0.45343526	0.576906634	1.118380484	0.869597088	0.875852017	0.883169076	1
-173.8217102	563.5714286	0.278965955	0.097078636	0.62395541	0.144596162	0.064502454	0.790901384	0.450659171	0.582032806	1.119487772	0.869442861	0.875985576	0.883183562	1
-173.8217102	563.5714286	0.307164962	0.063165343	0.629669695	0.158341026	0.042346629	0.799312346	0.44811304	0.587358489	1.121151966	0.869291321	0.876120665	0.883203772	1
-173.8217102	563.5714286	0.334901106	0.029714913	0.635383981	0.171771095	0.020105296	0.808123609	0.445784447	0.592880043	1.123349444	0.869142241	0.876257401	0.883229561	1
-173.8217102	563.7428571	0.189255303	0.203932145	0.606812552	0.100046017	0.132022393	0.76793159	0.459847746	0.5668103	1.11760773	0.86988424	0.875541241	0.883123458	1
-173.8217102	563.7428571	0.218914163	0.168558998	0.612526838	0.114916795	0.110010559	0.775072646	0.456556484	0.571505202	1.117479213	0.869723718	0.875671924	0.883125517	1
-173.8217102	563.7428571	0.248085241	0.133673635	0.618241124	0.129388716	0.08797732	0.782633964	0.453522872	0.57640898	1.117962148	0.869566392	0.875803924	0.883133685	1
-173.8217102	563.7428571	0.276787846	0.099256745	0.62395541	0.143495362	0.06589504	0.790609598	0.450731662	0.581518723	1.119029425	0.869411957	0.875937381	0.883147763	1
-173.8217102	563.7428571	0.305017377	0.065312928	0.629669695	0.157259939	0.043749277	0.798990784	0.448171042	0.586828292	1.120655001	0.869260219	0.876072363	0.883167575	1
-173.8217102	563.7428571	0.332784671	0.031831348	0.635383981	0.170708596	0.021518646	0.807772758	0.445828548	0.592334069	1.122815206	0.86911095	0.876208987	0.883192974	1
-173.8217102	563.9142857	0.186986574	0.206200874	0.606812552	0.098876198	0.133389453	0.767734349	0.459968861	0.566347737	1.11727702	0.869854013	0.875493338	0.883088945	1
-173.8217102	563.9142857	0.216674562	0.1707986	0.612526838	0.113771208	0.111384761	0.774844031	0.456661019	0.571025653	1.117105475	0.869693258	0.875623931	0.883090572	1
-173.8217102	563.9142857	0.245875398	0.135883478	0.618241124	0.128265779	0.089359636	0.782374586	0.453611539	0.575912755	1.11754691	0.86953571	0.875755837	0.883098321	1
-173.8217102	563.9142857	0.274607863	0.101436727	0.62395541	0.142393471	0.067286627	0.790319902	0.450805179	0.581006052	1.118574107	0.869381068	0.875889192	0.883111991	1
-173.8217102	563.9142857	0.302867831	0.067462474	0.629669695	0.156177821	0.045150899	0.798671279	0.448230039	0.586299489	1.120160993	0.869229131	0.876024067	0.883131405	1
-173.8217102	563.9142857	0.330666175	0.033949844	0.635383981	0.169645115	0.02293096	0.807423925	0.445873618	0.591789466	1.122283852	0.869079672	0.87616058	0.883156415	1
-173.8217102	563.9142857	0.357999501	0.000902232	0.641098267	0.18281425	0.000615154	0.816570596	0.443725465	0.597470145	1.124919298	0.868932539	0.876298794	0.883186884	1
-173.8217102	564.0857143	0.184716229	0.208471219	0.606812552	0.097705046	0.134755656	0.767539298	0.460091101	0.565886626	1.116949555	0.869823802	0.87544544	0.883054463	1
-173.8217102	564.0857143	0.214433278	0.173039884	0.612526838	0.112624386	0.112758039	0.774617575	0.456766642	0.570547547	1.11673491	0.869662812	0.875575945	0.883055657	1
-173.8217102	564.0857143	0.243663787	0.138095089	0.618241124	0.127141683	0.090740985	0.782117332	0.453701263	0.57541796	1.117134772	0.869505043	0.875707756	0.883062987	1
-173.8217102	564.0857143	0.272426019	0.103618572	0.62395541	0.141290489	0.068677215	0.790032297	0.450879721	0.580494794	1.118121819	0.869350192	0.87584101	0.883076248	1
-173.8217102	564.0857143	0.300716336	0.069613969	0.629669695	0.155094672	0.046551495	0.798353833	0.448290032	0.585772083	1.119669944	0.869198057	0.875975779	0.883095262	1
-173.8217102	564.0857143	0.328545627	0.036070392	0.635383981	0.168580649	0.024342237	0.807077113	0.445919656	0.591246237	1.121755385	0.869048408	0.876112181	0.883119882	1
-173.8217102	564.0857143	0.355910661	0.002991073	0.641098267	0.181767505	0.002037558	0.816194938	0.443758103	0.596911473	1.12435475	0.868901091	0.87625028	0.883149969	1
-173.8217102	564.2571429	0.182444275	0.210743172	0.606812552	0.096532555	0.136121006	0.767346439	0.460214467	0.565426966	1.116625336	0.869793607	0.875397547	0.88302001	1
-173.8217102	564.2571429	0.212190322	0.17528284	0.612526838	0.111476326	0.114130394	0.77439328	0.456873354	0.570070883	1.116367519	0.869632382	0.875527964	0.883020772	1
-173.8217102	564.2571429	0.241450418	0.140308458	0.618241124	0.126016427	0.092121367	0.781862206	0.453792043	0.574924594	1.116725738	0.869474391	0.875659681	0.88302768	1
-173.8217102	564.2571429	0.270242323	0.105802267	0.62395541	0.140186411	0.070066803	0.789746785	0.450955291	0.579984951	1.117672564	0.869319331	0.875792834	0.883040532	1
-173.8217102	564.2571429	0.298562902	0.071767402	0.629669695	0.15401049	0.047951063	0.798038447	0.448351023	0.585246073	1.119181858	0.869166997	0.875927497	0.883059147	1
-173.8217102	564.2571429	0.326423039	0.03819298	0.635383981	0.167515198	0.025752476	0.806732326	0.445966665	0.590704382	1.121229808	0.869017157	0.876063788	0.883083376	1
-173.8217102	564.2571429	0.353819677	0.005082056	0.641098267	0.180719814	0.003458923	0.815821263	0.443791684	0.596354149	1.123793016	0.868869656	0.876201773	0.88311308	1
-173.8217102	564.4285714	0.18017072	0.213016728	0.606812552	0.09535872	0.137485508	0.767155772	0.460338961	0.564968755	1.116304365	0.869763428	0.87534966	0.882985588	1
-173.8217102	564.4285714	0.209945705	0.177527456	0.612526838	0.110327023	0.115501828	0.774171149	0.456981157	0.569595662	1.116003305	0.869601966	0.875479989	0.882985915	1
-173.8217102	564.4285714	0.239235303	0.142523573	0.618241124	0.124890006	0.093500785	0.781609209	0.453883881	0.574432658	1.11631981	0.869443753	0.875611613	0.882992403	1
-173.8217102	564.4285714	0.268056788	0.107987802	0.62395541	0.139081238	0.071455393	0.78946337	0.451031888	0.579476522	1.117226345	0.869288484	0.875744665	0.883004844	1
-173.8217102	564.4285714	0.296407541	0.073922764	0.629669695	0.152925271	0.049349604	0.797725125	0.448413013	0.584721461	1.118696739	0.869135951	0.875879222	0.88302306	1
-173.8217102	564.4285714	0.324298423	0.040317596	0.635383981	0.16644876	0.027161674	0.806389566	0.446014645	0.590163903	1.120707124	0.86898592	0.876015403	0.883046897	1
-173.8217102	564.4285714	0.35172656	0.007175173	0.641098267	0.179671177	0.004879247	0.815449577	0.44382621	0.595798175	1.123234101	0.868838234	0.876153273	0.883076218	1
-173.8217102	564.6	0.17789557	0.215291878	0.606812552	0.094183535	0.138849166	0.7669673	0.460464584	0.564511994	1.115986645	0.869733265	0.875301779	0.882951196	1
-173.8217102	564.6	0.207699438	0.179773724	0.612526838	0.109176475	0.116872342	0.773951183	0.457090052	0.569121884	1.11564227	0.869571566	0.87543202	0.882951088	1
-173.8217102	564.6	0.237018451	0.144740425	0.618241124	0.123762418	0.094879239	0.781358343	0.453976778	0.573942153	1.115916991	0.869413129	0.87556355	0.882957154	1
-173.8217102	564.6	0.265869424	0.110175166	0.62395541	0.137974965	0.072842983	0.789182053	0.451109514	0.578969509	1.116783166	0.869257651	0.875696502	0.882969185	1
-173.8217102	564.6	0.294250262	0.076080043	0.629669695	0.151839015	0.050747116	0.797413869	0.448476002	0.584198247	1.118214588	0.869104918	0.875830954	0.882986999	1
-173.8217102	564.6	0.322171788	0.042444231	0.635383981	0.165381333	0.028569831	0.806048836	0.446063597	0.589624801	1.120187338	0.868954696	0.875967024	0.883010445	1
-173.8217102	564.6	0.349628408	0.009273325	0.641098267	0.178620435	0.006300487	0.815079078	0.443861916	0.595243029	1.1226777	0.868806839	0.876104769	0.88303938	1
-173.7931388	563.4	0.209123351	0.184064096	0.606812552	0.110319056	0.120004109	0.769676835	0.458941254	0.57098856	1.12034097	0.869975438	0.875794978	0.883276049	1
-173.7931388	563.4	0.23851155	0.148961612	0.612526838	0.124983281	0.097926526	0.777090193	0.455796385	0.575828375	1.120586927	0.869816731	0.875926676	0.883281881	1
-173.7931388	563.4	0.267417403	0.114341473	0.618241124	0.139265141	0.075814895	0.784919964	0.452901648	0.580875599	1.121430591	0.869661087	0.87605977	0.883293725	1
-173.7931388	563.4	0.295845749	0.080198842	0.62395541	0.153192638	0.053648797	0.793158565	0.45024374	0.58612524	1.122845152	0.869508261	0.87619436	0.883311395	1
-173.7931388	563.4	0.323795409	0.046534896	0.629669695	0.16678854	0.031413661	0.801797799	0.447810786	0.591571462	1.124804979	0.869358062	0.876330516	0.883334724	1
-173.7931388	563.4	0.351275828	0.013340191	0.635383981	0.180077426	0.009089785	0.810832789	0.445590748	0.597210271	1.12728666	0.869210279	0.876468348	0.883363572	1
-173.7931388	563.5714286	0.206873631	0.186313816	0.606812552	0.109162494	0.12137657	0.769460936	0.459052243	0.570514338	1.119982691	0.869945099	0.875747053	0.883241303	1
-173.7931388	563.5714286	0.236291984	0.151181178	0.612526838	0.123850289	0.099306347	0.776843364	0.455891102	0.575337372	1.120186403	0.869786163	0.87587866	0.883246709	1
-173.7931388	563.5714286	0.265228065	0.116530811	0.618241124	0.138154026	0.077203276	0.784642698	0.452980844	0.580368059	1.120989311	0.869630303	0.876011656	0.88325814	1
-173.7931388	563.5714286	0.29368364	0.08236095	0.62395541	0.152100716	0.055048686	0.792850598	0.450308403	0.58560091	1.122364315	0.869477285	0.876146128	0.883275405	1
-173.7931388	563.5714286	0.321668011	0.048662294	0.629669695	0.165717186	0.032821618	0.801461196	0.447860899	0.591031793	1.124286452	0.869326875	0.876282189	0.883298342	1
-173.7931388	563.5714286	0.349180371	0.015435648	0.635383981	0.179024308	0.010508399	0.810467293	0.445627208	0.596655078	1.126731575	0.869178903	0.876419908	0.883326805	1
-173.7931388	563.7428571	0.204622218	0.188565229	0.606812552	0.108004642	0.122748157	0.769247201	0.459164342	0.57004156	1.119627621	0.869914776	0.875699134	0.883206587	1
-173.7931388	563.7428571	0.234070646	0.153402516	0.612526838	0.122716091	0.100685244	0.776598664	0.455986893	0.574847802	1.119789012	0.869755609	0.87583065	0.883211566	1
-173.7931388	563.7428571	0.263036868	0.118722008	0.618241124	0.13704178	0.078590695	0.784367526	0.453061084	0.579861936	1.120551093	0.869599532	0.875963547	0.883222583	1
-173.7931388	563.7428571	0.291523057	0.084521534	0.62395541	0.151009027	0.056445498	0.792545475	0.450373758	0.58507854	1.121886708	0.869446309	0.876097917	0.883239445	1
-173.7931388	563.7428571	0.319538572	0.050791732	0.629669695	0.164644819	0.034228564	0.801126617	0.447911995	0.590493501	1.12377084	0.869295702	0.876233869	0.883261988	1
-173.7931388	563.7428571	0.347082773	0.017533246	0.635383981	0.17797022	0.011925998	0.810103782	0.445664623	0.596101238	1.126179328	0.869147541	0.876371476	0.883290065	1
-173.7931388	563.9142857	0.202369121	0.190818326	0.606812552	0.106845497	0.124118871	0.769035633	0.459277552	0.569570228	1.119275761	0.869884469	0.87565122	0.8831719	1
-173.7931388	563.9142857	0.231847545	0.155625617	0.612526838	0.121580685	0.102063219	0.776356096	0.456083761	0.574359665	1.119394759	0.86972507	0.875782646	0.883176452	1
-173.7931388	563.9142857	0.260843822	0.120915054	0.618241124	0.135928398	0.07997715	0.784094451	0.453142367	0.579357231	1.12011594	0.869568776	0.875915446	0.883187055	1
-173.7931388	563.9142857	0.289364105	0.086680485	0.62395541	0.149917592	0.057839205	0.792243204	0.450439795	0.584558142	1.121412325	0.869415332	0.876049725	0.883203514	1
-173.7931388	563.9142857	0.317407103	0.052923202	0.629669695	0.163571435	0.0356345	0.800794065	0.447964075	0.589956589	1.123258147	0.869264544	0.876185556	0.88322566	1
-173.7931388	563.9142857	0.344983044	0.019632975	0.635383981	0.17691516	0.013342582	0.809742258	0.445702996	0.595548752	1.125629924	0.869116192	0.876323051	0.883253351	1
-173.7931388	564.0857143	0.200114349	0.193073098	0.606812552	0.105685052	0.125488715	0.768826232	0.459391874	0.569100341	1.118927115	0.869854177	0.875603313	0.883137242	1
-173.7931388	564.0857143	0.22962269	0.157850472	0.612526838	0.120444067	0.103440272	0.776115661	0.456181706	0.57387296	1.119003645	0.869694546	0.875734648	0.883141368	1
-173.7931388	564.0857143	0.258648938	0.123109939	0.618241124	0.13481388	0.081362644	0.783823476	0.453224695	0.578853945	1.119683855	0.869538035	0.87586735	0.883151554	1
-173.7931388	564.0857143	0.287199669	0.088844921	0.62395541	0.148823759	0.059234035	0.791942206	0.450507177	0.584038573	1.120940702	0.869384384	0.876001526	0.883167609	1
-173.7931388	564.0857143	0.315273615	0.05505669	0.629669695	0.162497033	0.037039423	0.800463544	0.448017141	0.589421057	1.122748377	0.869233399	0.87613725	0.88318936	1
-173.7931388	564.0857143	0.342881195	0.021734824	0.635383981	0.175859128	0.014758148	0.809382725	0.445742327	0.594997622	1.125083368	0.869084858	0.876274633	0.883216664	1
-173.7931388	564.2571429	0.197857912	0.195329536	0.606812552	0.104523305	0.126857693	0.768619002	0.459507309	0.568631898	1.118581684	0.869823901	0.87555541	0.883102614	1
-173.7931388	564.2571429	0.227396093	0.160077069	0.612526838	0.119306234	0.104816406	0.775877361	0.456280729	0.573387689	1.118615674	0.869664037	0.875686656	0.883106311	1
-173.7931388	564.2571429	0.256452226	0.12530665	0.618241124	0.133698221	0.082747175	0.783554604	0.45330807	0.578352077	1.11925484	0.869507308	0.875819261	0.883116082	1
-173.7931388	564.2571429	0.285033308	0.091011282	0.62395541	0.147728848	0.060627878	0.791643275	0.450575575	0.583520405	1.120472077	0.869353451	0.875953335	0.883131731	1
-173.7931388	564.2571429	0.313138117	0.057192188	0.629669695	0.161421613	0.038443333	0.800135055	0.448071194	0.588886908	1.122241533	0.869202268	0.87608895	0.883153086	1
-173.7931388	564.2571429	0.340777236	0.023838783	0.635383981	0.174802121	0.016172694	0.809025185	0.445782616	0.594447848	1.124539661	0.869053537	0.876226222	0.883180003	1
-173.7931388	564.4285714	0.195599818	0.19758763	0.606812552	0.10336025	0.128225806	0.768413944	0.459623858	0.568164901	1.118239471	0.86979364	0.875507514	0.883068016	1
-173.7931388	564.4285714	0.225167761	0.162305401	0.612526838	0.11816718	0.106191622	0.775641198	0.456380832	0.57290385	1.118230847	0.869633544	0.87563867	0.883071284	1
-173.7931388	564.4285714	0.254253697	0.127505179	0.618241124	0.13258142	0.084130745	0.783287835	0.453392491	0.577851629	1.118828898	0.869476596	0.875771178	0.883080638	1
-173.7931388	564.4285714	0.282865033	0.093179557	0.62395541	0.146632856	0.062020732	0.791346412	0.45064499	0.583003638	1.120006453	0.869322531	0.87590515	0.883095882	1
-173.7931388	564.4285714	0.311000621	0.059329683	0.629669695	0.16034517	0.039846228	0.799808601	0.448126235	0.588354141	1.121737618	0.86917115	0.876040658	0.88311684	1
-173.7931388	564.4285714	0.338671178	0.025944841	0.635383981	0.173744139	0.017586219	0.808669642	0.445823866	0.593899433	1.12399881	0.869022229	0.876177819	0.88314337	1
-173.7931388	564.6	0.193340075	0.199847372	0.606812552	0.102195882	0.129593059	0.768211059	0.459741524	0.567699348	1.117900479	0.869763395	0.875459623	0.883033448	1
-173.7931388	564.6	0.222937704	0.164535458	0.612526838	0.117026904	0.107565922	0.775407175	0.456482015	0.572421445	1.117849167	0.869603065	0.87559069	0.883036286	1
-173.7931388	564.6	0.252053362	0.129705514	0.618241124	0.131463473	0.085513354	0.783023173	0.453477961	0.577352601	1.118406032	0.869445898	0.875723102	0.883045223	1
-173.7931388	564.6	0.280694855	0.095349735	0.62395541	0.145535782	0.063412598	0.79105162	0.450715424	0.582488274	1.119543834	0.869291626	0.875856971	0.88306006	1
-173.7931388	564.6	0.308861138	0.061469167	0.629669695	0.159267705	0.041248109	0.799484186	0.448182264	0.587822758	1.121236635	0.869140047	0.875992372	0.883080622	1
-173.7931388	564.6	0.336563033	0.028052986	0.635383981	0.172685179	0.018998721	0.8083161	0.445866077	0.593352379	1.123460816	0.868990936	0.876129422	0.883106763	1
-173.7645673	563.4	0.224342885	0.168844563	0.606812552	0.118185091	0.110698909	0.771116	0.458327528	0.574293735	1.122543131	0.870006713	0.875953164	0.883360791	1
-173.7645673	563.4	0.253518639	0.133954523	0.612526838	0.132695674	0.08856723	0.778737096	0.45529369	0.579243858	1.123073099	0.869849328	0.876085723	0.883369506	1
-173.7645673	563.4	0.282209989	0.099548887	0.618241124	0.146834368	0.06639484	0.786770792	0.452504906	0.584399222	1.124189929	0.869694928	0.876219721	0.883384164	1
-173.7645673	563.4	0.310418901	0.06562569	0.62395541	0.160627061	0.044163779	0.795209159	0.449948442	0.589754318	1.125867081	0.869543291	0.876355246	0.883404588	1
-173.7645673	563.4	0.338147596	0.032182708	0.629669695	0.174096893	0.021858181	0.804044926	0.447612358	0.595303742	1.128079457	0.869394223	0.876492379	0.883430617	1
-173.7645673	563.5714286	0.22210938	0.171078068	0.606812552	0.117038937	0.112075041	0.770886023	0.458430734	0.573810844	1.122164047	0.869976294	0.875905228	0.883325873	1
-173.7645673	563.5714286	0.251315858	0.136157303	0.612526838	0.131572536	0.089950946	0.778476518	0.45538089	0.57874434	1.122652404	0.869818682	0.876037693	0.883334167	1
-173.7645673	563.5714286	0.280038076	0.101720801	0.618241124	0.14573264	0.067787251	0.786480109	0.452576832	0.583883343	1.123729108	0.869664068	0.876171591	0.883348417	1
-173.7645673	563.5714286	0.308278432	0.067766158	0.62395541	0.159545456	0.045565627	0.794888916	0.450005743	0.58922242	1.125367577	0.869512227	0.876307012	0.883368441	1
-173.7645673	563.5714286	0.336039272	0.034291032	0.629669695	0.17303431	0.023270007	0.803695683	0.447655636	0.594756207	1.12754269	0.869362962	0.876444036	0.88339408	1
-173.7645673	563.5714286	0.363323153	0.001292866	0.635383981	0.186220447	0.000885645	0.812893908	0.445515261	0.600479423	1.130230649	0.869216099	0.876582746	0.883425195	1
-173.7645673	563.7428571	0.219874112	0.173313336	0.606812552	0.11589152	0.113450295	0.770658185	0.458535039	0.573329389	1.121788139	0.869945891	0.875857298	0.883290984	1
-173.7645673	563.7428571	0.249111238	0.138361924	0.612526838	0.130448217	0.091333738	0.778218045	0.455469154	0.578246244	1.12223481	0.869788051	0.87598967	0.883298857	1
-173.7645673	563.7428571	0.277864231	0.103894645	0.618241124	0.144629798	0.069178709	0.786191493	0.45264979	0.583368868	1.123271312	0.869633223	0.876123468	0.883312696	1
-173.7645673	563.7428571	0.306135931	0.069908659	0.62395541	0.158462793	0.046966506	0.794570701	0.450064045	0.588691904	1.124871024	0.869481178	0.876258784	0.883332321	1
-173.7645673	563.7428571	0.333928812	0.036401492	0.629669695	0.171970714	0.024680859	0.803348427	0.447699888	0.594210028	1.127008795	0.869331716	0.8763957	0.88335757	1
-173.7645673	563.7428571	0.361243451	0.003372568	0.635383981	0.18517414	0.002308256	0.812517604	0.445546195	0.599917619	1.129660583	0.869184672	0.87653429	0.883388302	1
-173.7645673	563.9142857	0.217637091	0.175550356	0.606812552	0.114742837	0.114824673	0.770432489	0.458640442	0.57284937	1.12141541	0.869915503	0.875809373	0.883256125	1
-173.7645673	563.9142857	0.246904788	0.140568374	0.612526838	0.129322714	0.092715609	0.777961677	0.455558481	0.57774957	1.12182032	0.869757435	0.875941653	0.883263575	1
-173.7645673	563.9142857	0.275688466	0.10607041	0.618241124	0.143525841	0.070569212	0.785904947	0.452723781	0.582855798	1.122816546	0.869602393	0.876075352	0.883277004	1
-173.7645673	563.9142857	0.30399141	0.072053181	0.62395541	0.157379069	0.048366414	0.794254517	0.450123352	0.588162771	1.124377425	0.869450142	0.876210563	0.883296229	1
-173.7645673	563.9142857	0.331813123	0.038517182	0.629669695	0.170904892	0.026092747	0.803002361	0.447745379	0.593664667	1.12647749	0.869300497	0.876347359	0.883321085	1
-173.7645673	563.9142857	0.359163554	0.005452465	0.635383981	0.184127673	0.003728506	0.812143822	0.445577917	0.599357518	1.129093544	0.869153249	0.876485849	0.883351436	1
-173.7645673	564.0857143	0.215398329	0.177789118	0.606812552	0.113592885	0.116198177	0.770208938	0.458746946	0.572370788	1.121045862	0.869885131	0.875761455	0.883221295	1
-173.7645673	564.0857143	0.244696519	0.142776643	0.612526838	0.128196023	0.094096558	0.777707419	0.455648875	0.577254319	1.121408936	0.869726834	0.875893642	0.883228322	1
-173.7645673	564.0857143	0.273510791	0.108248085	0.618241124	0.142420764	0.071958762	0.785620474	0.452798807	0.582344133	1.122364813	0.869571577	0.876027241	0.88324134	1
-173.7645673	564.0857143	0.301844878	0.074199712	0.62395541	0.156294282	0.04976535	0.793940367	0.450183663	0.587635022	1.123886783	0.869419121	0.876162349	0.883260164	1
-173.7645673	564.0857143	0.329698099	0.040632206	0.629669695	0.169839142	0.02750185	0.802659008	0.447791611	0.593121151	1.125949326	0.869269281	0.876299035	0.883284629	1
-173.7645673	564.0857143	0.357081439	0.00753458	0.635383981	0.18308023	0.005147782	0.811771988	0.445610586	0.598798748	1.128529305	0.86912184	0.876437415	0.883314598	1
-173.7645673	564.2571429	0.213157835	0.180029613	0.606812552	0.11244166	0.117570808	0.769987533	0.458854551	0.571893642	1.120679499	0.869854774	0.875713542	0.883186494	1
-173.7645673	564.2571429	0.24248644	0.144986722	0.612526838	0.127068141	0.095476588	0.777455271	0.455740335	0.576760492	1.121000662	0.869696248	0.875845637	0.883193098	1
-173.7645673	564.2571429	0.271331217	0.110427659	0.618241124	0.141314567	0.073347357	0.785338076	0.452874867	0.581833875	1.121916115	0.869540775	0.875979138	0.883205704	1
-173.7645673	564.2571429	0.299696348	0.076348243	0.62395541	0.155208432	0.051163313	0.793628254	0.450244979	0.587108659	1.123399102	0.869388114	0.876114141	0.883224127	1
-173.7645673	564.2571429	0.327580997	0.042749307	0.629669695	0.168772387	0.028909955	0.802317658	0.447838819	0.592579	1.125424049	0.869238078	0.876250718	0.883248199	1
-173.7645673	564.2571429	0.354994102	0.009621917	0.635383981	0.182030611	0.00656812	0.811401269	0.445644447	0.598240763	1.127967544	0.869090459	0.876388976	0.883277782	1
-173.7645673	564.4285714	0.21091562	0.182271828	0.606812552	0.111289157	0.118942567	0.769768276	0.458963258	0.571417934	1.120316321	0.869824433	0.875665635	0.883151722	1
-173.7645673	564.4285714	0.240274561	0.147198601	0.612526838	0.125939066	0.096855699	0.777205236	0.455832864	0.576268088	1.120595499	0.869665677	0.875797638	0.883157902	1
-173.7645673	564.4285714	0.269149756	0.11260912	0.618241124	0.140207246	0.074734998	0.785057756	0.452951964	0.581325025	1.121470456	0.869509988	0.87593104	0.883170096	1
-173.7645673	564.4285714	0.297545829	0.078498761	0.62395541	0.154121516	0.052560303	0.793318181	0.450307302	0.586583683	1.122914386	0.869357122	0.87606594	0.883188117	1
-173.7645673	564.4285714	0.325461829	0.044868476	0.629669695	0.167704623	0.030317062	0.801978315	0.447887003	0.592038216	1.124901663	0.869206889	0.876202408	0.883211797	1
-173.7645673	564.4285714	0.352907051	0.011708968	0.635383981	0.180981005	0.007985796	0.8110332	0.445679061	0.597684565	1.127408865	0.86905908	0.876340554	0.883240996	1
-173.7645673	564.6	0.208671692	0.184515755	0.606812552	0.110135373	0.120313457	0.76955117	0.45907307	0.570943662	1.119956333	0.869794107	0.875617733	0.88311698	1
-173.7645673	564.6	0.238060893	0.149412269	0.612526838	0.124808792	0.098233892	0.776957316	0.455926461	0.575777108	1.120193451	0.869635121	0.875749645	0.883122735	1
-173.7645673	564.6	0.266966417	0.11479246	0.618241124	0.139098799	0.076121685	0.784779516	0.453030098	0.580817582	1.121027839	0.869479215	0.875882949	0.883134516	1
-173.7645673	564.6	0.295393335	0.080651255	0.62395541	0.153033532	0.053956318	0.79301015	0.450370633	0.586060095	1.122432636	0.869326143	0.876017745	0.883152134	1
-173.7645673	564.6	0.323340604	0.046989701	0.629669695	0.16663585	0.03172317	0.80164098	0.447936165	0.591498801	1.124382171	0.869175714	0.876154105	0.883175421	1
-173.7645673	564.6	0.350817844	0.013798175	0.635383981	0.179930432	0.009402469	0.810667099	0.445714625	0.597129709	1.126853003	0.869027715	0.876292139	0.883204236	1
-173.7359959	563.4	0.239442939	0.153744509	0.606812552	0.125980879	0.101370612	0.772648509	0.457767023	0.577654512	1.124883131	0.870038567	0.876111625	0.883446785	1
-173.7359959	563.4	0.268401973	0.119071189	0.612526838	0.140341232	0.079183951	0.780474818	0.454842349	0.582713625	1.125692327	0.869882488	0.876245058	0.883458354	1
-173.7359959	563.4	0.296873918	0.084884958	0.618241124	0.15433955	0.056950637	0.788709813	0.452157794	0.587975607	1.127077544	0.869729325	0.87637997	0.883475802	1
-173.7359959	563.4	0.324858248	0.051186342	0.62395541	0.167999725	0.034655109	0.797345167	0.449701126	0.593434441	1.129012424	0.869578876	0.876516436	0.883498954	1
-173.7359959	563.4	0.352356652	0.017973653	0.629669695	0.181343776	0.012282739	0.806373485	0.447460659	0.599084461	1.131472011	0.869430959	0.876654533	0.883527656	1
-173.7359959	563.5714286	0.237226154	0.155961293	0.606812552	0.124844966	0.102750357	0.772404677	0.45786254	0.577163055	1.124483537	0.870008068	0.876063678	0.883411697	1
-173.7359959	563.5714286	0.266216441	0.121256721	0.612526838	0.139227796	0.08057149	0.780200713	0.454922128	0.582205701	1.125251765	0.869851766	0.876197015	0.88342285	1
-173.7359959	563.5714286	0.294719911	0.087038966	0.618241124	0.153247091	0.058346958	0.788405951	0.452222544	0.587451516	1.126597498	0.86969839	0.876331825	0.883439893	1
-173.7359959	563.5714286	0.322736382	0.053308209	0.62395541	0.166927029	0.036060857	0.797012114	0.449751482	0.592894553	1.12849435	0.869547738	0.876468186	0.88346265	1
-173.7359959	563.5714286	0.350267625	0.02006268	0.629669695	0.180289797	0.013698384	0.80601182	0.447497221	0.598529182	1.130917342	0.869399625	0.876606174	0.883490967	1
-173.7359959	563.7428571	0.235007531	0.158179916	0.606812552	0.123707815	0.104129229	0.772162957	0.457959144	0.576673023	1.124087086	0.869977585	0.876015736	0.883376638	1
-173.7359959	563.7428571	0.264029	0.123444162	0.612526838	0.138113202	0.081958112	0.779928686	0.45500296	0.581699187	1.124814269	0.869821058	0.876148978	0.883387375	1
-173.7359959	563.7428571	0.2925639	0.089194976	0.618241124	0.152153535	0.059742337	0.788104128	0.452288315	0.586928815	1.126120441	0.86966747	0.876283687	0.883404012	1
-173.7359959	563.7428571	0.320612411	0.055432179	0.62395541	0.165853288	0.037465654	0.796681057	0.44980283	0.592356031	1.127979186	0.869516614	0.876419942	0.883426373	1
-173.7359959	563.7428571	0.348175136	0.022155168	0.629669695	0.179234319	0.015113913	0.805651768	0.447534849	0.597975015	1.130365373	0.86936831	0.876557816	0.883454303	1
-173.7359959	563.9142857	0.232787081	0.160400367	0.606812552	0.12256942	0.105507228	0.771923351	0.458056836	0.576184416	1.123693779	0.869947117	0.8759678	0.883341608	1
-173.7359959	563.9142857	0.261839662	0.1256335	0.612526838	0.136997444	0.083343817	0.779658739	0.455084845	0.581194084	1.124379842	0.869790365	0.876100947	0.883351928	1
-173.7359959	563.9142857	0.290405898	0.091352978	0.618241124	0.15105888	0.061136775	0.787804346	0.452355107	0.586407505	1.125646376	0.869636565	0.876235555	0.883368158	1
-173.7359959	563.9142857	0.318486348	0.057558242	0.62395541	0.1647785	0.038869499	0.796352001	0.449855171	0.591818874	1.127466936	0.869485505	0.876371705	0.883390124	1
-173.7359959	563.9142857	0.346086513	0.024243792	0.629669695	0.178180233	0.016524465	0.805295302	0.447572941	0.597423269	1.129816857	0.869336984	0.87650949	0.88341767	1
-173.7359959	564.0857143	0.230564815	0.162622633	0.606812552	0.12142978	0.106884356	0.771685864	0.458155617	0.575697235	1.12330362	0.869916664	0.875919871	0.883306607	1
-173.7359959	564.0857143	0.259648436	0.127824726	0.612526838	0.135880522	0.084728604	0.779390874	0.455167783	0.580690393	1.123948486	0.869759687	0.876052923	0.883316509	1
-173.7359959	564.0857143	0.288245915	0.093512962	0.618241124	0.149963123	0.06253027	0.787506608	0.452422922	0.585887586	1.125175307	0.869605673	0.87618743	0.883332333	1
-173.7359959	564.0857143	0.316358203	0.059686387	0.62395541	0.163702664	0.040272388	0.796024948	0.449908504	0.591283086	1.126957605	0.86945441	0.876323475	0.883353901	1
-173.7359959	564.0857143	0.343990025	0.02634028	0.629669695	0.177122897	0.017937838	0.804939265	0.447612465	0.596871848	1.129270596	0.869305696	0.876461148	0.88338106	1
-173.7359959	564.2571429	0.228340744	0.164846704	0.606812552	0.120288892	0.108260612	0.771450496	0.458255488	0.575211481	1.122916612	0.869886227	0.875871946	0.883271635	1
-173.7359959	564.2571429	0.257455332	0.130017829	0.612526838	0.134762431	0.086112475	0.779125094	0.455251777	0.580188113	1.123520206	0.869729024	0.876004904	0.883281118	1
-173.7359959	564.2571429	0.286083961	0.095674915	0.618241124	0.148866262	0.063922822	0.787210916	0.452491762	0.58536906	1.124707238	0.869574797	0.876139311	0.883296535	1
-173.7359959	564.2571429	0.314227988	0.061816603	0.62395541	0.162625776	0.041674322	0.795699901	0.449962832	0.590748667	1.126451195	0.86942333	0.876275251	0.883317706	1
-173.7359959	564.2571429	0.341889574	0.028440731	0.629669695	0.176063851	0.019351429	0.804584719	0.447653104	0.596321454	1.128727004	0.869274431	0.876412804	0.883344474	1
-173.7359959	564.4285714	0.226114879	0.167072568	0.606812552	0.119146751	0.109635997	0.771217252	0.45835645	0.574727154	1.122532757	0.869855806	0.875824028	0.883236693	1
-173.7359959	564.4285714	0.255260362	0.1322128	0.612526838	0.133643168	0.08749543	0.778861401	0.455336827	0.579687246	1.123095003	0.869698375	0.875956892	0.883245756	1
-173.7359959	564.4285714	0.283920048	0.097838829	0.618241124	0.147768295	0.06531443	0.786917275	0.452561626	0.584851927	1.12424217	0.869543935	0.876091199	0.883260764	1
-173.7359959	564.4285714	0.312095713	0.063948878	0.62395541	0.161547837	0.043075299	0.795376864	0.450018156	0.590215618	1.125947711	0.869392263	0.876227034	0.883281538	1
-173.7359959	564.4285714	0.339789629	0.030540676	0.629669695	0.175004851	0.020762297	0.804232852	0.447694489	0.595772877	1.128186525	0.869243167	0.876364479	0.883307918	1
-173.7359959	564.6	0.223887232	0.169300215	0.606812552	0.118003356	0.111010512	0.770986132	0.458458504	0.574244254	1.122152058	0.8698254	0.875776116	0.883201779	1
-173.7359959	564.6	0.253063535	0.134409627	0.612526838	0.132522732	0.08887747	0.778599798	0.455422934	0.579187793	1.12267288	0.869667742	0.875908886	0.883210422	1
-173.7359959	564.6	0.281754186	0.100004691	0.618241124	0.14666922	0.066705094	0.786625686	0.452632516	0.58433619	1.123780108	0.869513087	0.876043093	0.883225022	1
-173.7359959	564.6	0.309961389	0.066083202	0.62395541	0.160468843	0.044475318	0.795055839	0.450074476	0.589683942	1.125447156	0.869361211	0.876178824	0.883245397	1
-173.7359959	564.6	0.337687533	0.032642772	0.629669695	0.173944843	0.022172203	0.803882954	0.447736842	0.595225646	1.127648896	0.869211918	0.87631616	0.883271388	1
-173.7074245	563.4	0.254414536	0.138772912	0.606812552	0.133705586	0.092022712	0.774271701	0.457259603	0.581069218	1.127358454	0.870071022	0.876270347	0.883534016	1
-173.7074245	563.4	0.283158235	0.104314927	0.612526838	0.147920837	0.069777517	0.782301645	0.45444166	0.586236751	1.128442245	0.869916218	0.876404682	0.883548414	1
-173.7074245	563.4	0.311408175	0.070350701	0.618241124	0.161782261	0.047481983	0.790735756	0.451859407	0.591604101	1.130091143	0.869764276	0.876540524	0.883568626	1
-173.7074245	563.4	0.339160551	0.03688404	0.62395541	0.175311182	0.025124154	0.799564664	0.449501083	0.597164465	1.132278596	0.869615024	0.876677928	0.88359448	1
-173.7074245	563.4	0.366430073	0.003900232	0.629669695	0.188533826	0.002681861	0.808784314	0.4473541	0.602914277	1.13498104	0.869468233	0.876817018	0.883625838	1
-173.7074245	563.5714286	0.252215037	0.140972411	0.606812552	0.132579803	0.093405926	0.774014271	0.457347521	0.580569321	1.126938668	0.870040442	0.876222388	0.88349876	1
-173.7074245	563.5714286	0.280990416	0.106482746	0.612526838	0.146816966	0.071168788	0.782014246	0.454514116	0.585720541	1.127982131	0.869885418	0.876356625	0.883512747	1
-173.7074245	563.5714286	0.309270209	0.072488668	0.618241124	0.160698072	0.048883517	0.790418411	0.451917287	0.591071546	1.129592022	0.869733275	0.876492356	0.883532557	1
-173.7074245	563.5714286	0.337057743	0.038986847	0.62395541	0.174247306	0.026533633	0.799219061	0.449544594	0.596616739	1.131742297	0.869583811	0.876629662	0.883558022	1
-173.7074245	563.5714286	0.36435997	0.005970334	0.629669695	0.187488049	0.004101689	0.808410262	0.447384107	0.602351266	1.13440873	0.869436828	0.876768639	0.883588997	1
-173.7074245	563.7428571	0.250013648	0.1431738	0.606812552	0.131452808	0.094788264	0.773758928	0.457436513	0.58007084	1.126521989	0.870009878	0.876174435	0.883463534	1
-173.7074245	563.7428571	0.27882062	0.108652542	0.612526838	0.145711955	0.072559149	0.781728896	0.454587613	0.585205729	1.127525047	0.869854633	0.876308575	0.883477108	1
-173.7074245	563.7428571	0.307132506	0.074626371	0.618241124	0.159613691	0.050282684	0.790103626	0.451975965	0.590540755	1.129096031	0.869702279	0.876444203	0.883496517	1
-173.7074245	563.7428571	0.334952763	0.041091827	0.62395541	0.173182397	0.02794218	0.798875423	0.449589084	0.59607036	1.131208867	0.869552613	0.876581403	0.88352159	1
-173.7074245	563.7428571	0.362287629	0.008042675	0.629669695	0.186441295	0.005520565	0.80803814	0.447415063	0.601789579	1.133839212	0.869405437	0.876720267	0.883552182	1
-173.7074245	563.9142857	0.247810378	0.14537707	0.606812552	0.130324599	0.096169725	0.773505676	0.457526579	0.579573775	1.126108419	0.86997933	0.876126488	0.883428336	1
-173.7074245	563.9142857	0.276648857	0.110824304	0.612526838	0.144605801	0.073948601	0.781445598	0.454662151	0.584692313	1.127070994	0.869823862	0.87626053	0.883441497	1
-173.7074245	563.9142857	0.30499274	0.076766136	0.618241124	0.158528225	0.051680923	0.789790851	0.452035655	0.590011339	1.128602994	0.869671298	0.876396056	0.883460504	1
-173.7074245	563.9142857	0.332843737	0.043200854	0.62395541	0.172115719	0.02935101	0.798533271	0.449634716	0.595525003	1.130678136	0.869521437	0.876533143	0.883485184	1
-173.7074245	563.9142857	0.36021306	0.010117245	0.629669695	0.185393562	0.006938486	0.807667952	0.447446968	0.601229218	1.13327249	0.86937406	0.876671902	0.883515394	1
-173.7074245	564.0857143	0.245605237	0.147582211	0.606812552	0.129195173	0.097550312	0.773254516	0.457617721	0.579078126	1.125697961	0.869948796	0.876078547	0.883393166	1
-173.7074245	564.0857143	0.274475138	0.112998024	0.612526838	0.143498501	0.075337144	0.781164354	0.454737731	0.584180297	1.126619976	0.869793107	0.876212492	0.883405914	1
-173.7074245	564.0857143	0.302850923	0.078907953	0.618241124	0.157441674	0.053078234	0.789480092	0.452096355	0.589483298	1.128112914	0.869640331	0.876347916	0.883424518	1
-173.7074245	564.0857143	0.330735121	0.04530947	0.62395541	0.171049004	0.030757248	0.798193748	0.449681111	0.594981441	1.13015052	0.869490264	0.876484899	0.883448806	1
-173.7074245	564.0857143	0.358136272	0.012194033	0.629669695	0.184344848	0.008355451	0.807299701	0.447479823	0.600670184	1.132708568	0.869342697	0.876623544	0.883478631	1
-173.7074245	564.2571429	0.243398234	0.149789213	0.606812552	0.128064525	0.098930024	0.77300545	0.457709939	0.578583894	1.12529062	0.869918279	0.876030612	0.883358025	1
-173.7074245	564.2571429	0.272299473	0.115173689	0.612526838	0.142390054	0.076724778	0.780885168	0.454814354	0.583669679	1.126171997	0.869762367	0.87616446	0.883370359	1
-173.7074245	564.2571429	0.300707065	0.081051811	0.618241124	0.156354036	0.054474615	0.789171349	0.452158068	0.588956635	1.127625795	0.869609379	0.876299782	0.88338856	1
-173.7074245	564.2571429	0.32862622	0.047418371	0.62395541	0.169981972	0.032161363	0.797856665	0.449728328	0.59443955	1.129625948	0.869459098	0.87643667	0.883412457	1
-173.7074245	564.2571429	0.356054659	0.014275645	0.629669695	0.183294112	0.00977322	0.806932668	0.447513842	0.600112005	1.132147167	0.86931136	0.876575181	0.883441893	1
-173.7074245	564.4285714	0.241194046	0.151993401	0.606812552	0.126934112	0.100306654	0.772759234	0.457802749	0.578091755	1.124886544	0.86988776	0.875982696	0.883322914	1
-173.7074245	564.4285714	0.270121872	0.11735129	0.612526838	0.141280456	0.078111501	0.780608042	0.454892023	0.583160462	1.12572706	0.869731641	0.876116435	0.883334833	1
-173.7074245	564.4285714	0.298561176	0.0831977	0.618241124	0.155265307	0.055870066	0.788864627	0.452220794	0.588431351	1.12714164	0.869578442	0.876251655	0.88335263	1
-173.7074245	564.4285714	0.326514145	0.049530445	0.62395541	0.168913492	0.033565219	0.797521289	0.449776617	0.59389883	1.129104163	0.869427951	0.876388443	0.883376134	1
-173.7074245	564.4285714	0.353974109	0.016356196	0.629669695	0.182243692	0.011187826	0.806568482	0.44754855	0.59955575	1.131588929	0.869280023	0.87652684	0.883405184	1
-173.7074245	564.6	0.238983185	0.154204262	0.606812552	0.125800941	0.101684733	0.772514326	0.457897141	0.577600332	1.124485431	0.869857274	0.875934772	0.883287831	1
-173.7074245	564.6	0.267942346	0.119530816	0.612526838	0.140169705	0.079497316	0.780332979	0.454970737	0.582652646	1.125285168	0.86970093	0.876068415	0.883299334	1
-173.7074245	564.6	0.296413268	0.085345608	0.618241124	0.154175486	0.057264586	0.788559928	0.452284535	0.587907447	1.126660452	0.869547519	0.876203534	0.883316727	1
-173.7074245	564.6	0.32439565	0.05164894	0.62395541	0.167842304	0.034970878	0.797186819	0.449826265	0.593358727	1.128584889	0.869396836	0.876340205	0.883339834	1
-173.7074245	564.6	0.35189134	0.018438964	0.629669695	0.181192274	0.012601494	0.806206232	0.447584215	0.599000822	1.131033499	0.8692487	0.876478505	0.883368502	1
-173.6788531	563.4	0.269264979	0.123922469	0.606812552	0.141363612	0.082650746	0.775985641	0.456803448	0.584538509	1.129967096	0.870104044	0.876429362	0.883622473	1
-173.6788531	563.4	0.297786057	0.089687104	0.612526838	0.155436013	0.060347762	0.784216225	0.454090732	0.589812555	1.131320538	0.869950513	0.876564604	0.883639673	1
-173.6788531	563.4	0.325802509	0.055956367	0.618241124	0.169160477	0.037994441	0.792845083	0.451609661	0.595282436	1.133227631	0.869799816	0.876701357	0.883662619	1
-173.6788531	563.4	0.353328691	0.022715899	0.62395541	0.182564337	0.01556837	0.801867293	0.449347096	0.600944273	1.135663561	0.869651716	0.876839744	0.883691159	1
-173.6788531	563.5714286	0.267083033	0.126104415	0.606812552	0.140247721	0.084037481	0.775714798	0.456883886	0.584030256	1.129527419	0.870073385	0.876381391	0.883587052	1
-173.6788531	563.5714286	0.295637205	0.091835957	0.612526838	0.154341869	0.061742188	0.783915943	0.454155889	0.589288317	1.130841249	0.869919632	0.876516536	0.883603845	1
-173.6788531	563.5714286	0.323685714	0.058073163	0.618241124	0.168086233	0.039398154	0.792515613	0.451660349	0.594742342	1.132710138	0.869768729	0.876653183	0.883626395	1
-173.6788531	563.5714286	0.35124469	0.024799901	0.62395541	0.181508917	0.016981869	0.801509214	0.449383916	0.60038874	1.135109316	0.869620431	0.876791459	0.883654547	1
-173.6788531	563.7428571	0.264899131	0.128288317	0.606812552	0.139130642	0.085423343	0.775446015	0.456965385	0.583523407	1.129090811	0.870042741	0.876333425	0.883551659	1
-173.6788531	563.7428571	0.293486244	0.093986918	0.612526838	0.153246578	0.063135758	0.783617664	0.454222079	0.588765449	1.130364943	0.869888766	0.876468474	0.883568045	1
-173.6788531	563.7428571	0.321566777	0.0601921	0.618241124	0.167010922	0.040800958	0.79218812	0.451712034	0.594203604	1.132195554	0.869737657	0.876605015	0.883590198	1
-173.6788531	563.7428571	0.349158481	0.02688611	0.62395541	0.180452488	0.018394435	0.801153077	0.449421701	0.599834542	1.1345579	0.869589159	0.876743182	0.883617962	1
-173.6788531	563.9142857	0.262713282	0.130474165	0.606812552	0.138012372	0.086808333	0.775179295	0.457047947	0.583017961	1.128657277	0.870012113	0.876285466	0.883516295	1
-173.6788531	563.9142857	0.291329083	0.096144079	0.612526838	0.152148626	0.064530871	0.783320503	0.454289692	0.588243295	1.129891365	0.869857932	0.876420403	0.883532271	1
-173.6788531	563.9142857	0.319443333	0.062315543	0.618241124	0.165933629	0.04220434	0.791862031	0.451764928	0.593665822	1.131683687	0.869706609	0.876556844	0.883554026	1
-173.6788531	563.9142857	0.347070073	0.028974517	0.62395541	0.17939505	0.019806066	0.800798884	0.449460452	0.599281679	1.13400932	0.869557902	0.876694911	0.883581403	1
-173.6788531	564.0857143	0.260525497	0.13266195	0.606812552	0.136892908	0.088192451	0.774914641	0.457131571	0.58251392	1.12822682	0.8699815	0.876237513	0.883480959	1
-173.6788531	564.0857143	0.289173332	0.09829983	0.612526838	0.151050817	0.065923065	0.783026118	0.454358011	0.587723079	1.129421006	0.869827099	0.876372351	0.883496526	1
-173.6788531	564.0857143	0.317321487	0.064437389	0.618241124	0.164856695	0.043604477	0.791538829	0.451818493	0.59313003	1.131175044	0.869675561	0.876508694	0.883517884	1
-173.6788531	564.0857143	0.344979477	0.031065113	0.62395541	0.178336601	0.02121676	0.800446639	0.449500171	0.598730153	1.133463577	0.86952666	0.876646647	0.883544871	1
-173.6788531	564.2571429	0.258335786	0.134851662	0.606812552	0.135772247	0.089575699	0.774652055	0.457216261	0.582011285	1.127799442	0.869950902	0.876189565	0.883445652	1
-173.6788531	564.2571429	0.287015567	0.100457595	0.612526838	0.149951879	0.067314359	0.782733762	0.454427363	0.587204248	1.128953648	0.869796281	0.876324305	0.883460809	1
-173.6788531	564.2571429	0.31519849	0.066560387	0.618241124	0.163779051	0.045003111	0.791217837	0.451872971	0.592595758	1.130669395	0.869644523	0.876460555	0.88348177	1
-173.6788531	564.2571429	0.342883891	0.0331607	0.62395541	0.177276031	0.022628364	0.800095605	0.449541094	0.598179468	1.132920402	0.869495444	0.876598378	0.883508364	1
-173.6788531	564.2571429	0.370084805	0.000245499	0.629669695	0.190468226	0.000169115	0.809362659	0.447419368	0.603951505	1.135683073	0.869348824	0.876737894	0.883540453	1
-173.6788531	564.4285714	0.256144158	0.13704329	0.606812552	0.134650385	0.090958076	0.774391539	0.457302015	0.581510055	1.127375147	0.869920319	0.876141624	0.883410373	1
-173.6788531	564.4285714	0.284855798	0.102617364	0.612526838	0.148851809	0.068704754	0.782443437	0.454497747	0.586686803	1.128489294	0.869765478	0.876276266	0.88342512	1
-173.6788531	564.4285714	0.313071257	0.068687619	0.618241124	0.162699514	0.046402165	0.790898321	0.451928641	0.592062488	1.130166496	0.869613509	0.876412413	0.883445681	1
-173.6788531	564.4285714	0.340789489	0.035255102	0.62395541	0.176215767	0.02403682	0.799747412	0.449582707	0.59763072	1.132380405	0.869464228	0.87655013	0.883471885	1
-173.6788531	564.4285714	0.368023216	0.002307088	0.629669695	0.189425961	0.001587866	0.808986173	0.447447566	0.603387574	1.135107331	0.869317416	0.876689533	0.883503593	1
-173.6788531	564.6	0.253950623	0.139236825	0.606812552	0.13352732	0.092339584	0.774133096	0.457388837	0.581010233	1.126953938	0.869889752	0.876093689	0.883375122	1
-173.6788531	564.6	0.282694034	0.104779127	0.612526838	0.147750605	0.070094249	0.782155146	0.454569165	0.586170745	1.128027948	0.86973469	0.876228233	0.883389459	1
-173.6788531	564.6	0.310942895	0.070815981	0.618241124	0.161619265	0.047799713	0.790581022	0.451985227	0.591530741	1.129666598	0.869582505	0.876364282	0.88340962	1
-173.6788531	564.6	0.3386929	0.03735169	0.62395541	0.175154475	0.025444357	0.799401168	0.449625293	0.597083309	1.131843255	0.869433026	0.876501888	0.883435434	1
-173.6788531	564.6	0.365959377	0.004370928	0.629669695	0.188382723	0.003005676	0.808611601	0.447476706	0.602824957	1.134534358	0.869286022	0.876641178	0.88346676	1
-173.6502816	563.4	0.283988522	0.109198926	0.606812552	0.148955218	0.073256501	0.777788281	0.456398108	0.588061102	1.132706604	0.870137644	0.876588666	0.883712142	1
-173.6502816	563.4	0.312276486	0.075196676	0.612526838	0.162885372	0.050899187	0.786215441	0.453789377	0.593439054	1.134324295	0.869985401	0.8767248	0.883732114	1
-173.6502816	563.4	0.340065793	0.041693084	0.618241124	0.176479426	0.028481775	0.795038798	0.451406771	0.599011504	1.136485398	0.869835902	0.876862512	0.883757776	1
-173.6502816	563.4	0.367356504	0.008688087	0.62395541	0.189758477	0.005991216	0.804250307	0.449238719	0.604772109	1.139164381	0.869688974	0.877001868	0.883788974	1
-173.6502816	563.5714286	0.2818251	0.111362347	0.606812552	0.147849256	0.074646379	0.777504364	0.456471116	0.587544697	1.132247386	0.870106903	0.876540684	0.883676558	1
-173.6502816	563.5714286	0.310145468	0.077327694	0.612526838	0.161800253	0.052297563	0.785902184	0.453847484	0.592906672	1.133826068	0.869954446	0.876676716	0.883696127	1
-173.6502816	563.5714286	0.337967703	0.043791173	0.618241124	0.175413915	0.029889323	0.794696762	0.451450625	0.598463531	1.135949645	0.86980474	0.876814321	0.883721397	1
-173.6502816	563.5714286	0.36529193	0.01075266	0.62395541	0.188711506	0.007408429	0.803880066	0.44926893	0.604208964	1.138592563	0.869657614	0.876953567	0.883752212	1
-173.6502816	563.7428571	0.279659603	0.113527844	0.606812552	0.146742107	0.076035426	0.777222467	0.456545178	0.587029673	1.131791197	0.870076178	0.876492707	0.883641002	1
-173.6502816	563.7428571	0.308009564	0.079463598	0.612526838	0.160712982	0.053696741	0.785590277	0.453906861	0.592375196	1.133330585	0.869923516	0.876628627	0.883660166	1
-173.6502816	563.7428571	0.335867434	0.045891442	0.618241124	0.174347361	0.031295961	0.794356679	0.451495462	0.597916901	1.135416762	0.869773593	0.876766136	0.883685045	1
-173.6502816	563.7428571	0.363222432	0.012822159	0.62395541	0.187662477	0.00882653	0.803510992	0.449300307	0.603646645	1.138023237	0.86962628	0.876905261	0.883715472	1
-173.6502816	563.9142857	0.277492043	0.115695405	0.606812552	0.145633768	0.077423641	0.776942591	0.456620294	0.58651603	1.131338038	0.870045468	0.876444736	0.883605474	1
-173.6502816	563.9142857	0.305875434	0.081597728	0.612526838	0.159626069	0.055092672	0.785281259	0.453966901	0.59184573	1.132838345	0.869892586	0.876580559	0.883624235	1
-173.6502816	563.9142857	0.333764994	0.047993882	0.618241124	0.173279763	0.032701686	0.794018551	0.451541283	0.597371617	1.134886754	0.869742461	0.876717958	0.883648719	1
-173.6502816	563.9142857	0.361153598	0.014890992	0.62395541	0.186613622	0.010241725	0.803144653	0.449332405	0.603086184	1.137457031	0.869594948	0.876856974	0.883678763	1
-173.6502816	564.0857143	0.27532243	0.117865017	0.606812552	0.144524237	0.078811022	0.776664741	0.456696465	0.58600377	1.130887914	0.870014773	0.876396772	0.883569974	1
-173.6502816	564.0857143	0.303736199	0.083736963	0.612526838	0.158536913	0.056489539	0.784973549	0.454028236	0.591317137	1.132348844	0.869861682	0.876532486	0.883588329	1
-173.6502816	564.0857143	0.331657534	0.050101342	0.618241124	0.172210007	0.034108332	0.793681661	0.451588337	0.596827184	1.134359366	0.869711356	0.876669775	0.883612418	1
-173.6502816	564.0857143	0.359082515	0.016962075	0.62395541	0.185563768	0.011656003	0.802780229	0.449365457	0.602527041	1.136893621	0.86956363	0.876808694	0.883642079	1
-173.6502816	564.2571429	0.273146679	0.120040768	0.606812552	0.143412067	0.08019982	0.776388113	0.456774097	0.585492262	1.13044062	0.86998411	0.876348799	0.883534501	1
-173.6502816	564.2571429	0.30160228	0.085870882	0.612526838	0.157449419	0.05788107	0.784669511	0.454089907	0.590791125	1.131862827	0.869830764	0.876484447	0.883552455	1
-173.6502816	564.2571429	0.329551241	0.052207635	0.618241124	0.171140494	0.03551193	0.793347575	0.451636091	0.596284676	1.133835162	0.86968025	0.876621612	0.883576146	1
-173.6502816	564.2571429	0.357009192	0.019035398	0.62395541	0.184512914	0.013069362	0.802417724	0.449399465	0.601969219	1.13633301	0.869532327	0.87676042	0.883605422	1
-173.6502816	564.4285714	0.270972719	0.122214728	0.606812552	0.142300057	0.081585665	0.776114278	0.456852412	0.584982732	1.129996569	0.869953448	0.876300845	0.883499057	1
-173.6502816	564.4285714	0.299460122	0.08801304	0.612526838	0.156358497	0.059275428	0.784366075	0.454153169	0.590265472	1.131379336	0.869799886	0.876436391	0.883516605	1
-173.6502816	564.4285714	0.327442781	0.054316095	0.618241124	0.170069922	0.036914632	0.793015446	0.451684834	0.595743513	1.133313841	0.86964916	0.876573455	0.883539901	1
-173.6502816	564.4285714	0.354933639	0.021110951	0.62395541	0.183461059	0.0144818	0.802057141	0.449434431	0.601412718	1.135775203	0.869501038	0.876712154	0.883568791	1
-173.6502816	564.6	0.268796787	0.124390661	0.606812552	0.141186866	0.082970645	0.775842489	0.456931781	0.584474597	1.129555567	0.8699228	0.876252897	0.883463641	1
-173.6502816	564.6	0.297317416	0.090155745	0.612526838	0.155267023	0.060667994	0.784064983	0.454217311	0.589741439	1.130898918	0.869769016	0.876388347	0.883480784	1
-173.6502816	564.6	0.325332165	0.056426711	0.618241124	0.168998286	0.038316435	0.792685278	0.451734569	0.595203697	1.132795406	0.869618084	0.876525305	0.883503684	1
-173.6502816	564.6	0.352855866	0.023188725	0.62395541	0.182408199	0.015893316	0.801698484	0.449470356	0.600857542	1.135220204	0.869469763	0.876663894	0.883532186	1
-173.6217102	563.4	0.298572985	0.094614462	0.606812552	0.15647799	0.063846103	0.779675908	0.456043705	0.591634554	1.135573929	0.870171862	0.876748227	0.883803006	1
-173.6217102	563.4	0.326635869	0.060837293	0.612526838	0.17027319	0.041427226	0.788299584	0.453535989	0.597116708	1.137451623	0.870020851	0.876885306	0.883825729	1
-173.6217102	563.4	0.354187403	0.027571473	0.618241124	0.183736767	0.018950143	0.797313091	0.451250672	0.602788821	1.139861141	0.869872572	0.877023959	0.883854078	1
-173.6217102	563.5714286	0.296428399	0.096759049	0.606812552	0.155381791	0.065239047	0.779379162	0.456109404	0.591110117	1.135095516	0.870141039	0.876700233	0.883767261	1
-173.6217102	563.5714286	0.32452347	0.062949692	0.612526838	0.169197101	0.042829232	0.787973667	0.453587112	0.596576377	1.136934814	0.869989819	0.876837206	0.883789586	1
-173.6217102	563.5714286	0.352108805	0.029650071	0.618241124	0.182680033	0.020361123	0.796958845	0.451287763	0.602233189	1.139307519	0.869841334	0.876975752	0.883817546	1
-173.6217102	563.7428571	0.294281661	0.098905787	0.606812552	0.15428442	0.066631179	0.7790844	0.456176144	0.590587043	1.13462009	0.870110232	0.876652245	0.883731544	1
-173.6217102	563.7428571	0.32240608	0.065067082	0.612526838	0.168118842	0.044232131	0.787649026	0.45363949	0.596036916	1.13642068	0.869958813	0.876789101	0.883753467	1
-173.6217102	563.7428571	0.350027967	0.031730909	0.618241124	0.181622271	0.021771209	0.79660652	0.451325823	0.601678884	1.138756724	0.86981011	0.876927552	0.883781041	1
-173.6217102	563.9142857	0.292130156	0.101057292	0.606812552	0.15318491	0.068024026	0.778791064	0.456244177	0.590064912	1.134147487	0.87007945	0.876604254	0.883695853	1
-173.6217102	563.9142857	0.320289776	0.067183386	0.612526838	0.167040746	0.045632113	0.787327141	0.453692584	0.595499361	1.135909732	0.869927808	0.876741016	0.883717378	1
-173.6217102	563.9142857	0.347944898	0.033813978	0.618241124	0.180563481	0.023180401	0.796256119	0.451364856	0.601125905	1.138208761	0.869778901	0.876879359	0.883744562	1
-173.6217102	563.9142857	0.375098287	0.000946303	0.62395541	0.193774664	0.000654885	0.805570451	0.449249273	0.606938517	1.141019285	0.869632551	0.877019356	0.883777254	1
-173.6217102	564.0857143	0.289982878	0.10320457	0.606812552	0.152086554	0.069412366	0.778501079	0.456312648	0.589545166	1.133678275	0.870048659	0.876556291	0.883660193	1
-173.6217102	564.0857143	0.318171314	0.069301848	0.612526838	0.165961555	0.047031225	0.78700722	0.453746683	0.594963157	1.1354017	0.869896819	0.876692936	0.883681316	1
-173.6217102	564.0857143	0.345859607	0.035899269	0.618241124	0.179503659	0.024588696	0.795907645	0.45140486	0.600574255	1.137663633	0.869747706	0.876831172	0.88370811	1
-173.6217102	564.0857143	0.373046788	0.002997803	0.62395541	0.192733186	0.002072795	0.805194019	0.449275787	0.606371858	1.140438528	0.869601158	0.876971059	0.88374042	1
-173.6217102	564.2571429	0.287828655	0.105358793	0.606812552	0.150985251	0.070802689	0.778212059	0.456382624	0.589026014	1.133211761	0.870017903	0.876508317	0.883624559	1
-173.6217102	564.2571429	0.316050702	0.07142246	0.612526838	0.164881269	0.048429466	0.786689265	0.45380179	0.594428306	1.134896588	0.869865845	0.876644863	0.883645281	1
-173.6217102	564.2571429	0.343772104	0.037986772	0.618241124	0.178442804	0.025996093	0.795561103	0.451445839	0.600023936	1.137121344	0.869716527	0.876782992	0.883671684	1
-173.6217102	564.2571429	0.370993001	0.005051589	0.62395541	0.191690727	0.003489797	0.804819477	0.449303242	0.605806503	1.139860529	0.86956978	0.876922768	0.883703613	1
-173.6217102	564.4285714	0.285673427	0.107514021	0.606812552	0.14988317	0.072191558	0.777925272	0.45645354	0.588508406	1.132748316	0.869987158	0.876460353	0.883588953	1
-173.6217102	564.4285714	0.313927952	0.073545209	0.612526838	0.163799886	0.049826834	0.786373281	0.453857905	0.59389481	1.134394399	0.869834885	0.876596796	0.883609273	1
-173.6217102	564.4285714	0.341682399	0.040076477	0.618241124	0.177380914	0.027402592	0.795216494	0.451487793	0.599474949	1.1365819	0.869685362	0.876734818	0.883635285	1
-173.6217102	564.4285714	0.368936938	0.007107653	0.62395541	0.190647283	0.004905889	0.804446828	0.449331642	0.605242453	1.139285291	0.869538417	0.876874484	0.883666831	1
-173.6217102	564.6	0.283516105	0.109671342	0.606812552	0.148779906	0.073579606	0.777640487	0.456525504	0.58799217	1.132287876	0.869956429	0.876412394	0.883553374	1
-173.6217102	564.6	0.311803074	0.075670087	0.612526838	0.162717402	0.051223329	0.786059269	0.453915029	0.593362669	1.133895138	0.869803941	0.876548735	0.883573293	1
-173.6217102	564.6	0.339590502	0.042168374	0.618241124	0.176317988	0.02880819	0.794873823	0.451530723	0.598927295	1.136045303	0.869654211	0.876686651	0.883598912	1
-173.6217102	564.6	0.366878606	0.009165984	0.62395541	0.189602853	0.00632107	0.804076077	0.449360987	0.60467971	1.138712819	0.869507067	0.876826207	0.883630076	1
