place	x_O2	x_Ar	y_N2	y_O2	y_Ar	vap_etlp	liq_etlp
1	-2.176953e-07	2.176953e-07	3.087704e-09	-5.411584e-08	5.102814e-08	-1.684006e-02	-1.121852e-04
1	-2.569052e-07	2.569052e-07	-1.365885e-08	-9.434283e-08	1.080017e-07	4.799257e-03	2.069381e-04
1	-1.491984e-07	1.491984e-07	-9.337571e-09	-6.586640e-08	7.620397e-08	2.563325e-02	1.943064e-04
1	-2.588278e-07	2.588278e-07	-1.384266e-08	-9.514489e-08	1.089875e-07	4.296997e-03	2.034419e-04
1	-2.196841e-07	2.196841e-07	-2.700408e-08	-9.437463e-08	1.223787e-07	2.536091e-02	3.330784e-04
1	-1.062223e-07	1.062223e-07	-3.913827e-08	-4.558128e-08	8.571955e-08	4.567231e-02	2.794010e-04
1	8.544973e-08	-8.444973e-08	-4.878672e-08	6.247063e-08	-1.368390e-08	6.521921e-02	5.237828e-05
1	3.576893e-08	-3.476893e-08	-3.475810e-08	7.616050e-08	-4.140240e-08	-6.348368e-02	-7.153448e-04
1	-3.185019e-08	3.185019e-08	-2.693966e-08	4.100373e-08	-1.406407e-08	-5.524543e-02	-3.255292e-04
1	-8.393743e-08	8.493743e-08	-1.881707e-08	-1.308757e-09	2.012583e-08	-4.726152e-02	-4.391773e-05
1	-1.163512e-07	1.153512e-07	-8.112544e-09	-4.077709e-08	4.788964e-08	-3.993776e-02	1.348036e-04
1	-1.330698e-07	1.330698e-07	2.621701e-09	-6.834959e-08	6.672789e-08	-3.327677e-02	2.277342e-04
1	-8.039686e-08	8.039686e-08	-1.835762e-08	8.170057e-10	1.754061e-08	-4.749673e-02	-5.063047e-05
1	-1.183808e-07	1.183808e-07	-9.066282e-09	-4.119962e-08	5.026591e-08	-4.009790e-02	1.399686e-04
1	-1.314663e-07	1.314663e-07	2.658097e-09	-6.742208e-08	6.576398e-08	-3.338192e-02	2.251818e-04
1	-1.292474e-07	1.282474e-07	1.321301e-08	-7.413199e-08	5.991898e-08	-2.735026e-02	2.413392e-04
1	-1.164894e-07	1.174894e-07	-9.000310e-09	-3.952791e-08	4.852822e-08	-4.026467e-02	1.360027e-04
1	-1.295324e-07	1.295324e-07	2.589450e-09	-6.710253e-08	6.351308e-08	-3.348927e-02	2.198257e-04
1	-1.301678e-07	1.301678e-07	1.270226e-08	-7.439942e-08	6.169716e-08	-2.740393e-02	2.523037e-04
1	-1.102059e-07	1.102059e-07	2.399927e-08	-4.967307e-08	2.667380e-08	-2.202561e-02	2.041816e-04
1	-3.366745e-07	3.366745e-07	8.478036e-09	-2.318222e-07	2.233442e-07	3.237934e-02	2.127037e-04
1	-2.014127e-07	2.014127e-07	3.589505e-09	-1.387693e-07	1.351798e-07	2.648889e-02	1.913815e-04
1	-1.119811e-07	1.119811e-07	-3.054349e-09	-8.256006e-08	8.561441e-08	2.002365e-02	1.717461e-04
1	-6.530459e-08	6.530459e-08	-1.144576e-08	-5.219082e-08	6.363658e-08	1.297263e-02	1.636987e-04
1	-2.051740e-07	2.051740e-07	3.520608e-09	-1.409207e-07	1.374001e-07	2.671499e-02	1.957499e-04
1	-1.130671e-07	1.120671e-07	-2.163039e-09	-8.317432e-08	8.533736e-08	2.022363e-02	1.732732e-04
1	-6.623829e-08	6.623829e-08	-1.106771e-08	-5.299191e-08	6.405962e-08	1.314192e-02	1.681736e-04
1	-6.113237e-08	6.113237e-08	-2.190521e-08	-3.961475e-08	6.151995e-08	5.452909e-03	1.808829e-04
1	-1.163480e-07	1.163480e-07	-3.015128e-09	-8.473539e-08	8.775052e-08	2.043008e-02	1.746741e-04
1	-6.415178e-08	6.415178e-08	-1.067702e-08	-5.239597e-08	6.307299e-08	1.330978e-02	1.630440e-04
1	-6.208903e-08	6.308903e-08	-2.180584e-08	-4.053278e-08	6.233861e-08	5.584595e-03	1.848971e-04
1	-9.803337e-08	9.803337e-08	-3.449252e-08	-3.453956e-08	6.903208e-08	-2.771602e-03	2.324986e-04
1	-6.453142e-08	6.453142e-08	-9.991798e-09	-5.296242e-08	6.295422e-08	1.348252e-02	1.633682e-04
1	-6.217735e-08	6.217735e-08	-2.125946e-08	-4.074175e-08	6.300121e-08	5.716252e-03	1.837447e-04
1	-9.684978e-08	9.584978e-08	-3.366088e-08	-3.372880e-08	6.738968e-08	-2.690098e-03	2.293314e-04
1	-1.795584e-07	1.795584e-07	-5.101267e-08	-2.715053e-08	7.816321e-08	-1.173267e-02	3.351792e-04
1	-1.862611e-07	1.862611e-07	-9.722434e-11	-5.954191e-08	5.963913e-08	-1.151559e-02	-6.746000e-05
1	-2.362867e-07	2.362867e-07	-1.518605e-08	-1.049388e-07	1.201248e-07	1.064132e-02	2.339939e-04
1	-2.383904e-07	2.383904e-07	-1.500030e-08	-1.053079e-07	1.203082e-07	1.012706e-02	2.385706e-04
1	-2.097049e-07	2.097049e-07	-2.779102e-08	-1.088280e-07	1.366190e-07	3.171173e-02	3.397277e-04
1	-1.053084e-07	1.053084e-07	-3.792109e-08	-6.381829e-08	1.017394e-07	5.254304e-02	2.591900e-04
1	7.971754e-08	-7.971754e-08	-4.593893e-08	4.197344e-08	3.965493e-09	7.260604e-02	6.892240e-06
1	1.646951e-09	-1.646951e-09	-3.938412e-08	4.330262e-08	-3.918503e-09	-5.345158e-02	-2.734416e-04
1	-6.538788e-08	6.538788e-08	-2.754212e-08	-6.633973e-09	3.417609e-08	-4.494258e-02	-4.618072e-06
1	-1.134366e-07	1.124366e-07	-1.481929e-08	-5.430020e-08	6.911949e-08	-3.709039e-02	1.616095e-04
1	-1.402418e-07	1.402418e-07	-2.122824e-09	-8.744307e-08	8.956589e-08	-2.990798e-02	2.348898e-04
1	-6.497270e-08	6.497270e-08	-2.909958e-08	-5.431689e-09	3.453127e-08	-4.518863e-02	-2.326286e-06
1	-1.155286e-07	1.155286e-07	-1.639419e-08	-5.419171e-08	7.058590e-08	-3.726254e-02	1.646599e-04
1	-1.397714e-07	1.387714e-07	-1.640213e-09	-8.664645e-08	8.928667e-08	-3.002113e-02	2.278582e-04
1	-1.493593e-07	1.493593e-07	1.022061e-08	-1.001458e-07	8.892521e-08	-2.346070e-02	2.322584e-04
1	-1.147427e-07	1.147427e-07	-1.700037e-08	-5.305192e-08	7.005229e-08	-3.744130e-02	1.586904e-04
1	-1.430968e-07	1.430968e-07	-3.628173e-09	-8.858972e-08	9.121789e-08	-3.013131e-02	2.368001e-04
1	-1.515257e-07	1.525257e-07	1.019958e-08	-1.012527e-07	9.105313e-08	-2.351738e-02	2.364646e-04
1	-1.389150e-07	1.389150e-07	2.281005e-08	-8.036959e-08	5.755954e-08	-1.761329e-02	1.671007e-04
1	-2.848947e-07	2.848947e-07	-3.312113e-09	-2.019946e-07	2.053067e-07	3.062623e-02	2.453051e-04
1	-1.709812e-07	1.699812e-07	-4.737171e-09	-1.202526e-07	1.249897e-07	2.527154e-02	2.149959e-04
1	-9.944963e-08	9.944963e-08	-7.314622e-09	-7.482654e-08	8.314116e-08	1.934122e-02	1.879280e-04
1	-6.919869e-08	6.919869e-08	-1.204340e-08	-5.569619e-08	6.773960e-08	1.282230e-02	1.639692e-04
1	-1.735538e-07	1.725538e-07	-4.560404e-09	-1.224625e-07	1.270229e-07	2.547864e-02	2.218117e-04
1	-9.940170e-08	9.940170e-08	-7.104399e-09	-7.514553e-08	8.224993e-08	1.952620e-02	1.895088e-04
1	-6.597308e-08	6.597308e-08	-1.094453e-08	-5.377096e-08	6.571549e-08	1.297542e-02	1.574340e-04
1	-7.690336e-08	7.690336e-08	-1.846129e-08	-5.076462e-08	6.922591e-08	5.821674e-03	1.534153e-04
1	-1.036025e-07	1.046025e-07	-7.702746e-09	-7.749076e-08	8.519350e-08	1.971665e-02	1.911034e-04
1	-6.997947e-08	6.997947e-08	-1.254794e-08	-5.570784e-08	6.825578e-08	1.313845e-02	1.688251e-04
1	-7.893977e-08	7.993977e-08	-1.894292e-08	-5.178754e-08	7.073046e-08	5.946360e-03	1.628947e-04
1	-1.285368e-07	1.285368e-07	-2.865338e-08	-5.430323e-08	8.195661e-08	-1.872405e-03	1.929627e-04
1	-6.728194e-08	6.628194e-08	-1.124304e-08	-5.467014e-08	6.591318e-08	1.329502e-02	1.583544e-04
1	-7.603621e-08	7.603621e-08	-1.867798e-08	-5.004761e-08	6.872559e-08	6.065849e-03	1.585764e-04
1	-1.285673e-07	1.285673e-07	-2.834706e-08	-5.431568e-08	8.266274e-08	-1.793901e-03	1.930027e-04
1	-2.235563e-07	2.235563e-07	-4.206699e-08	-5.539299e-08	9.745998e-08	-1.029687e-02	2.805282e-04
1	-1.580552e-07	1.580552e-07	-7.967981e-10	-5.625674e-08	5.705353e-08	-6.198281e-03	-2.676778e-05
1	-2.209792e-07	2.209792e-07	-1.531274e-08	-1.059368e-07	1.212495e-07	1.647821e-02	2.672182e-04
1	-2.212640e-07	2.212640e-07	-1.475749e-08	-1.058729e-07	1.206304e-07	1.595095e-02	2.598675e-04
1	-2.041184e-07	2.041184e-07	-2.626227e-08	-1.147959e-07	1.400582e-07	3.805737e-02	3.527452e-04
1	-1.047810e-07	1.047810e-07	-3.414539e-08	-7.060447e-08	1.057499e-07	5.940345e-02	2.368577e-04
1	7.351362e-08	-7.351362e-08	-4.161432e-08	3.181368e-08	8.800647e-09	7.998453e-02	-4.051292e-05
1	2.766973e-08	-2.666973e-08	-5.182491e-08	5.302306e-08	-1.981511e-10	-5.165773e-02	-2.163203e-04
1	-5.438778e-08	5.438778e-08	-3.735065e-08	-4.646271e-09	4.199692e-08	-4.262364e-02	3.990705e-05
1	-1.150436e-07	1.140436e-07	-2.136922e-08	-5.852712e-08	7.989634e-08	-3.424820e-02	1.851252e-04
1	-1.561102e-07	1.571102e-07	-6.124473e-09	-1.004379e-07	1.065624e-07	-2.654019e-02	2.476489e-04
1	-5.299040e-08	5.299040e-08	-3.760066e-08	-3.273754e-09	4.187442e-08	-4.288669e-02	4.249168e-05
1	-1.171978e-07	1.171978e-07	-2.256534e-08	-5.888756e-08	8.245290e-08	-3.443234e-02	1.960608e-04
1	-1.567728e-07	1.567728e-07	-7.195648e-09	-9.977220e-08	1.059678e-07	-2.666034e-02	2.461383e-04
1	-1.751484e-07	1.761484e-07	9.217364e-09	-1.180812e-07	1.088638e-07	-1.957632e-02	2.202734e-04
1	-1.155172e-07	1.165172e-07	-2.284375e-08	-5.827963e-08	8.112337e-08	-3.462311e-02	1.880877e-04
1	-1.561644e-07	1.561644e-07	-7.442946e-09	-9.880158e-08	1.062445e-07	-2.678369e-02	2.419777e-04
1	-1.744698e-07	1.744698e-07	9.018762e-09	-1.169420e-07	1.079233e-07	-1.964216e-02	2.190270e-04
1	-1.733779e-07	1.733779e-07	2.352609e-08	-1.030956e-07	7.956951e-08	-1.320615e-02	1.273069e-04
1	-2.397328e-07	2.397328e-07	-1.526608e-08	-1.649536e-07	1.802196e-07	2.887211e-02	2.833076e-04
1	-1.431237e-07	1.421237e-07	-1.198736e-08	-9.352437e-08	1.055117e-07	2.404901e-02	2.454758e-04
1	-9.056907e-08	9.056907e-08	-1.158150e-08	-5.898926e-08	7.057076e-08	1.865362e-02	2.011663e-04
1	-7.371433e-08	7.371433e-08	-1.139838e-08	-4.810580e-08	5.950417e-08	1.266263e-02	1.627744e-04
1	-1.486238e-07	1.486238e-07	-1.289135e-08	-9.689697e-08	1.097883e-07	2.424128e-02	2.534616e-04
1	-9.138706e-08	9.138706e-08	-1.105245e-08	-5.901291e-08	7.006536e-08	1.882260e-02	2.028008e-04
1	-7.554052e-08	7.554052e-08	-1.224366e-08	-4.865264e-08	6.089630e-08	1.280992e-02	1.626528e-04
1	-1.025766e-07	1.025766e-07	-1.552551e-08	-5.512070e-08	7.064621e-08	6.191440e-03	1.520884e-04
1	-9.139646e-08	9.039646e-08	-1.106797e-08	-5.904056e-08	7.010853e-08	1.899289e-02	2.058718e-04
1	-7.542819e-08	7.542819e-08	-1.217646e-08	-4.892371e-08	6.010017e-08	1.295578e-02	1.631403e-04
1	-1.015926e-07	1.015926e-07	-1.525302e-08	-5.415204e-08	7.040506e-08	6.303958e-03	1.483268e-04
1	-1.649165e-07	1.649165e-07	-2.207003e-08	-6.528200e-08	8.735203e-08	-9.773750e-04	1.610479e-04
1	-7.786511e-08	7.786511e-08	-1.291659e-08	-4.948049e-08	6.239708e-08	1.310652e-02	1.692988e-04
1	-9.879765e-08	9.979765e-08	-1.460506e-08	-5.356018e-08	6.916525e-08	6.416447e-03	1.495497e-04
1	-1.620663e-07	1.620663e-07	-2.095103e-08	-6.502373e-08	8.497476e-08	-9.070394e-04	1.555944e-04
1	-2.653252e-07	2.643252e-07	-2.977776e-08	-7.177247e-08	1.015502e-07	-8.876577e-03	2.062935e-04
1	-1.330782e-07	1.330782e-07	-1.163902e-11	-4.326111e-08	4.327275e-08	-8.851414e-04	1.989285e-05
1	-2.089834e-07	2.089834e-07	-1.303952e-08	-9.833770e-08	1.113772e-07	2.230994e-02	2.966123e-04
1	-2.094492e-07	2.094492e-07	-1.311485e-08	-9.784073e-08	1.109556e-07	2.176968e-02	2.973341e-04
1	-2.039252e-07	2.039252e-07	-2.241845e-08	-1.112791e-07	1.346976e-07	4.439785e-02	3.621322e-04
1	-1.138149e-07	1.138149e-07	-3.046704e-08	-7.209494e-08	1.025620e-07	6.626385e-02	2.297813e-04
1	6.075548e-08	-6.075548e-08	-3.414439e-08	2.991556e-08	4.228824e-09	8.735785e-02	-9.115278e-05
1	5.344278e-08	-5.444278e-08	-6.162024e-08	7.335588e-08	-1.173563e-08	-4.987422e-02	-1.615967e-04
1	-4.683023e-08	4.683023e-08	-4.491884e-08	5.747202e-09	3.917163e-08	-4.030987e-02	9.094750e-05
1	-1.242741e-07	1.252741e-07	-2.708970e-08	-5.654894e-08	8.463865e-08	-3.140700e-02	2.240567e-04
1	-1.734827e-07	1.734827e-07	-8.723924e-09	-1.021587e-07	1.108826e-07	-2.318173e-02	2.486135e-04
1	-4.545048e-08	4.545048e-08	-4.586150e-08	7.290029e-09	3.857147e-08	-4.058991e-02	8.382480e-05
1	-1.223889e-07	1.233889e-07	-2.758038e-08	-5.528795e-08	8.286833e-08	-3.160831e-02	2.241728e-04
1	-1.742782e-07	1.742782e-07	-8.348981e-09	-1.016237e-07	1.109727e-07	-2.330989e-02	2.526236e-04
1	-2.035246e-07	2.025246e-07	9.535185e-09	-1.258537e-07	1.163185e-07	-1.570127e-02	1.966920e-04
1	-1.218136e-07	1.218136e-07	-2.853107e-08	-5.421182e-08	8.274289e-08	-3.181108e-02	2.241958e-04
1	-1.738323e-07	1.748323e-07	-9.185702e-09	-1.018275e-07	1.110132e-07	-2.344124e-02	2.540606e-04
1	-2.030919e-07	2.030919e-07	8.826010e-09	-1.255542e-07	1.157282e-07	-1.577111e-02	1.986875e-04
1	-2.095099e-07	2.095099e-07	2.748223e-08	-1.157692e-07	8.928698e-08	-8.809341e-03	7.611319e-05
1	-1.970671e-07	1.980671e-07	-2.606058e-08	-1.185927e-07	1.446533e-07	2.711282e-02	3.179836e-04
1	-1.229569e-07	1.229569e-07	-1.848790e-08	-5.968925e-08	7.817715e-08	2.282649e-02	2.815447e-04
1	-8.634000e-08	8.634000e-08	-1.385563e-08	-3.504899e-08	4.790461e-08	1.796086e-02	2.214626e-04
1	-9.216817e-08	9.216817e-08	-1.150814e-08	-3.571723e-08	4.722537e-08	1.250813e-02	1.762496e-04
1	-1.272678e-07	1.282678e-07	-2.014613e-08	-6.212006e-08	8.226619e-08	2.299776e-02	2.819772e-04
1	-9.113454e-08	9.113454e-08	-1.533689e-08	-3.687853e-08	5.221542e-08	1.811901e-02	2.318672e-04
1	-8.983527e-08	8.983527e-08	-1.163310e-08	-3.453820e-08	4.617130e-08	1.263826e-02	1.751187e-04
1	-1.289523e-07	1.289523e-07	-1.042799e-08	-4.849063e-08	5.991862e-08	6.549869e-03	1.294910e-04
1	-9.006385e-08	9.106385e-08	-1.509897e-08	-3.669052e-08	5.178949e-08	1.827329e-02	2.351322e-04
1	-9.070991e-08	9.070991e-08	-1.122772e-08	-3.524271e-08	4.647043e-08	1.277311e-02	1.734146e-04
1	-1.290480e-07	1.290480e-07	-1.073680e-08	-4.862704e-08	6.036384e-08	6.655387e-03	1.311949e-04
1	-2.030784e-07	2.030784e-07	-1.240528e-08	-6.738300e-08	7.978828e-08	-9.268114e-05	1.180555e-04
1	-8.906975e-08	8.906975e-08	-1.134873e-08	-3.419574e-08	4.554447e-08	1.290768e-02	1.787789e-04
1	-1.273616e-07	1.283616e-07	-1.070586e-08	-4.918322e-08	5.988908e-08	6.760876e-03	1.379588e-04
1	-2.014423e-07	2.014423e-07	-1.281189e-08	-6.694813e-08	7.976002e-08	-2.634554e-05	1.158095e-04
1	-3.171337e-07	3.171337e-07	-1.816927e-08	-8.256447e-08	1.007337e-07	-7.455283e-03	1.485623e-04
