-195.91452255249
-195.70383682251
-195.49688949585
-195.29368057251
-195.093943023682
-194.897943878174
-194.704882049561
-194.515291595459
-194.328638458252
-194.144922637939
-193.964144134521
-193.786035919189
-193.610597991943
-193.437563323975
-193.267198944092
-193.099237823486
-192.93341293335
-192.76999130249
-192.608438873291
-192.449289703369
-192.292009735107
-192.136865997314
-191.983324432373
-191.8319190979
-191.682115936279
-191.534449005127
-191.388117218018
-191.243654632568
-191.100794219971
-190.959268951416
-190.819612884521
-190.68129196167
-190.544306182861
-190.408922576904
-190.27487411499
-190.142427825928
-190.0110496521
-189.881006622314
-189.752031707764
-189.624658966064
-189.4983543396
-189.373117828369
-189.249216461182
-189.126383209228
-189.00461807251
-188.883921051025
-188.764292144775
-188.64573135376
-188.52797164917
-188.411547088623
-188.295923614502
-188.181368255615
-188.067613983154
-187.954927825928
-187.843042755127
-187.731958770752
-187.621942901611
-187.512728118896
-187.404314422607
-187.296701812744
-187.189890289307
-187.083879852295
-186.978670501709
-186.874262237549
-186.770655059814
-186.667581939697
-186.565576934814
-186.46383895874
-186.3631690979
-186.263033294678
-186.163698577881
-186.064897918701
-185.966898345947
-185.869432830811
-185.772501373291
-185.676371002197
-185.580774688721
-185.48597946167
-185.391718292236
-185.29799118042
-185.204798126221
-185.112139129639
-185.020014190674
-184.928690338135
-184.837633514404
-184.7473777771
-184.657656097412
-184.568201446533
-184.47954788208
-184.391161346436
-184.303575897217
-184.216257476807
-184.129473114014
-184.043222808838
-183.957239532471
-183.872057342529
-183.787142181396
-183.702761077881
-183.618647003174
-183.535334014893
-183.45228805542
-183.369509124756
-183.287531280518
-183.205553436279
-183.124376678467
-183.043466949463
-182.962824249268
-182.882715606689
-182.803141021728
-182.723833465576
-182.644792938232
-182.566286468506
-182.488047027588
-182.410341644287
-182.332903289795
-182.25599899292
-182.179361724853
-182.102991485596
-182.027155303955
-181.951586151123
-181.8762840271
-181.801515960693
-181.726747894287
-181.652513885498
-181.578813934326
-181.505113983154
-181.4319480896
-181.359049224853
-181.286417388916
-181.214319610596
-181.142488861084
-181.070658111572
-180.999361419678
-180.928331756592
-180.857569122314
-180.787340545654
-180.717111968994
-180.647417449951
-180.577722930908
-180.508562469482
-180.439669036865
-180.370775604248
-180.302416229248
-180.234323883057
-180.166498565674
-180.0989402771
-180.031649017334
-179.964624786377
-179.89760055542
-179.83111038208
-179.764887237549
-179.698931121826
-179.632975006103
-179.567552947998
-179.502397918701
-179.437242889404
-179.372621917725
-179.308000946045
-179.243647003174
-179.179560089111
-179.115740203857
-179.052187347412
-178.988901519775
-178.925615692139
-178.862863922119
-178.8001121521
-178.737627410889
-178.675409698486
-178.613459014893
-178.551775360107
-178.490091705322
-178.428675079346
-178.367525482178
-178.306642913818
-178.245760345459
-178.185411834717
-178.125063323975
-178.064981842041
-178.004900360107
-177.945352935791
-177.885805511475
-177.826525115967
-177.767244720459
-177.708498382568
-177.649752044678
-177.591272735596
-177.532793426514
-177.47458114624
-177.416635894775
-177.358957672119
-177.301279449463
-177.243868255615
-177.186724090576
-177.129579925537
-177.072702789307
-177.016092681885
-176.959482574463
-176.90313949585
-176.846796417236
-176.79098739624
-176.734911346436