100.0,-195.91452255249,0.0,1.0,0.0,1.0,-6370.1052710123795,-11930.7767818761
100.0,-195.284147644043,0.0266167438026723,0.973383256197328,0.0937811199669892,0.906218880033011,-6348.74468080593,-12017.5616046369
100.0,-194.65377273559602,0.0548056252377967,0.9451943747622029,0.181874581117898,0.8181254188821021,-6327.250973131011,-12098.5317424718
100.0,-194.02339782714802,0.0847004148472287,0.915299585152771,0.264186216807921,0.7358137831920799,-6305.61135143541,-12173.407037917901
100.0,-193.39302291870098,0.116437789774867,0.883562210225133,0.34072409182580604,0.6592759081741939,-6283.81299061908,-12242.022362708101
100.0,-192.76264801025397,0.1501597907593,0.8498402092407,0.411602121568319,0.588397878431681,-6261.8427634398995,-12304.3434144317
100.0,-192.132273101807,0.186012948269984,0.8139870517300161,0.477024598359424,0.522975401640576,-6239.687344834289,-12360.456628208502
100.0,-191.50189819335898,0.22414748040274698,0.7758525195972541,0.537266398713757,0.46273360128624297,-6217.33330461348,-12410.551257295901
100.0,-190.871523284912,0.264716615643016,0.735283384356984,0.5926516697133559,0.40734833028664397,-6194.767183053821,-12454.8969067397
100.0,-190.241148376465,0.30787606528701095,0.692123934712989,0.6435334946204739,0.356466505379526,-6171.975547232691,-12493.819878190601
100.0,-189.610773468018,0.35378364629921993,0.64621635370078,0.690276288098688,0.30972371190131204,-6148.94502867278,-12527.6810239533
100.0,-188.98039855957,0.40259903903878896,0.597400960961211,0.733241805563229,0.266758194436771,-6125.662344613061,-12556.8568197344
100.0,-188.350023651123,0.454483655861221,0.5455163441387789,0.7727789167881791,0.22722108321182102,-6102.11430604492,-12581.7244032892
100.0,-187.71964874267601,0.509600594417438,0.490399405582562,0.809216801403779,0.19078319859622103,-6078.28781576426,-12602.650592894199
100.0,-187.089273834229,0.5681146513626291,0.43188534863737105,0.8428609731931409,0.157139026806859,-6054.169859360451,-12619.984449668898
100.0,-186.45889892578097,0.6301923761895949,0.369807623810404,0.8739914733060691,0.126008526693931,-6029.74749152328,-12634.052742571399
100.0,-185.828524017334,0.6960021495956621,0.303997850404338,0.90286261881724,0.09713738118276,-6005.007819459151,-12645.1576398526
100.0,-185.19814910888698,0.7657142752724141,0.23428572472758602,0.929703793295677,0.0702962067043234,-5979.93798466625,-12653.5760130298
100.0,-184.56777420044,0.839501077820661,0.16049892217933898,0.954720880420524,0.0452791195794759,-5954.52514387061,-12659.5598444416
100.0,-183.937399291992,0.917537002510433,0.0824629974895668,0.9780980461957199,0.0219019538042803,-5928.7564495793,-12663.3373396966
100.0,-183.30702438354498,1.0,0.0,1.0,0.0,-5902.6188966789405,-12665.1149594763
125.0,-193.96414413452098,0.0,1.0,0.0,1.0,-6329.54049479251,-11825.8494410568
125.0,-193.321499252319,0.0274601311810384,0.9725398688189619,0.0918655213172147,0.9081344786827851,-6307.65624815688,-11910.4076844233
125.0,-192.678854370117,0.0564664042379633,0.943533595762037,0.17837259217080897,0.821627407829192,-6285.6505931027095,-11989.4499375544
125.0,-192.036209487915,0.0871432449189327,0.9128567550810671,0.25942036145096303,0.740579638549037,-6263.51193257745,-12062.7043033929
125.0,-191.39356460571202,0.11961915135399198,0.880380848646008,0.33500697943226004,0.66499302056774,-6241.22849381775,-12130.0103578003
125.0,-190.75091972351,0.154027253426233,0.8459727465737671,0.40522671665238796,0.594773283347612,-6218.788270824421,-12191.3255053958
125.0,-190.10827484130797,0.19050451051927,0.80949548948073,0.470256680226671,0.529743319773329,-6196.1791151015395,-12246.7167028154
125.0,-189.465629959106,0.229190968124439,0.7708090318755609,0.5303397740765611,0.469660225923439,-6173.3888167635205,-12296.3454222116
125.0,-188.822985076904,0.270229121144504,0.7297708788554959,0.585766160661263,0.41423383933873703,-6150.40517119369,-12340.4484678859
125.0,-188.18034019470198,0.313763408157144,0.686236591842856,0.636855304900502,0.363144695099498,-6127.21602915022,-12379.3174073477
125.0,-187.5376953125,0.3599398402152029,0.640060159784797,0.6839401262476561,0.316059873752344,-6103.80933049708,-12413.278926846999
125.0,-186.895050430297,0.408905753014161,0.591094246985839,0.7273541028999829,0.272645897100017,-6080.17312328991,-12442.6776653551
125.0,-186.25240554809503,0.460809663013118,0.539190336986882,0.76742156258014,0.23257843741985998,-6056.2955707458605,-12467.8622997016
125.0,-185.609760665893,0.515801205237858,0.484198794762142,0.8044509594982241,0.195549040501776,-6032.16494882626,-12489.1750232668
125.0,-184.96711578369099,0.5740311313563969,0.42596886864360295,0.8387306927705429,0.16126930722945698,-6007.7696369654695,-12506.9441454355
125.0,-184.32447090148898,0.635651349579717,0.3643486504202829,0.8705269323193191,0.12947306768068098,-5983.0981040738,-12521.4793241515
125.0,-183.681826019287,0.7008149917683529,0.29918500823164695,0.9000829318464499,0.0999170681535498,-5958.1388914662,-12533.0688783303
125.0,-183.039181137084,0.7696764969749541,0.23032350302504603,0.9276193770364242,0.0723806229635759,-5932.8805939104395,-12541.978654004799
125.0,-182.39653625488202,0.842391704060035,0.15760829593996498,0.9533354060051021,0.0466645939948984,-5907.311839595121,-12548.4519918283
125.0,-181.75389137268002,0.9191179488163052,0.0808820511836953,0.977410025206862,0.0225899747931378,-5881.42126950372,-12552.710429683999
125.0,-181.11124649047798,1.0,0.0,1.0,0.0,-5855.19895384873,-12554.9491539823
150.0,-192.292009735107,0.0,1.0,0.0,1.0,-6296.42765691054,-11734.868141790701
150.0,-191.638977432251,0.0281720862845916,0.971827913715408,0.0902951183916359,0.9097048816083639,-6274.0843065615,-11817.6212794001
150.0,-190.985945129394,0.0578658250915587,0.9421341749084409,0.175499292216517,0.824500707783483,-6251.630280344879,-11895.098965769599
150.0,-190.332912826538,0.0891978312976067,0.9108021687023928,0.255505475176548,0.7444945248234509,-6229.05491524161,-11967.0348471238
150.0,-189.679880523681,0.12228994593289999,0.8777100540671,0.33030367609407296,0.669696323905927,-6206.347237477309,-12033.2720994099
150.0,-189.026848220825,0.15726807595036701,0.842731924049633,0.399972676681291,0.600027323318709,-6183.49609053188,-12093.7618797039
150.0,-188.373815917968,0.19426145093679398,0.8057385490632059,0.46466833661298995,0.53533166338701,-6160.490214911911,-12148.556338232
150.0,-187.720783615112,0.233401929312034,0.7665980706879659,0.524608563663595,0.47539143633640507,-6137.318319777541,-12197.795663746201
150.0,-187.06775131225498,0.274823397674042,0.725176602325958,0.580056830014492,0.419943169985508,-6113.96914212854,-12241.6913110234
150.0,-186.414719009399,0.318661286875172,0.6813387131248281,0.631306012794973,0.36869398720502705,-6090.43149151357,-12280.507745371899
150.0,-185.761686706542,0.36505221017952705,0.6349477898204731,0.6786639110842579,0.321336088915742,-6066.69428019479,-12314.5447217815
150.0,-185.108654403686,0.414133715443533,0.585866284556468,0.722441237733033,0.277558762266967,-6042.746540083521,-12344.121519729499
150.0,-184.45562210083,0.466044135285182,0.533955864714818,0.762942367118987,0.237057632881013,-6018.57742852835,-12369.563904390701
150.0,-183.80258979797298,0.5209225159605451,0.479077484039455,0.8004587326494059,0.199541267350594,-5994.17622528802,-12391.1940355151
150.0,-183.149557495117,0.5789086058246801,0.42109139417532004,0.835264534263963,0.16473546573603698,-5969.53232291486,-12409.3231629371
150.0,-182.49652519226,0.640142886458707,0.359857113541293,0.867614315225658,0.13238568477434198,-5944.63521246692,-12424.2467323254
150.0,-181.843492889404,0.704766632710135,0.295233367289865,0.897741959729538,0.102258040270462,-5919.47446607604,-12436.241441096101
150.0,-181.190460586547,0.772921991239391,0.227078008760609,0.925860709105825,0.0741392908941753,-5894.039717506479,-12445.56378766
150.0,-180.53742828369099,0.8447520702316509,0.155247929768349,0.952163864318468,0.0478361356815323,-5868.320641491229,-12452.4497083486
150.0,-179.884395980834,0.9204010355355451,0.0795989644644546,0.9768259144575809,0.0231740855424194,-5842.30693234576,-12457.1149642191
150.0,-179.23136367797798,1.0,0.0,1.0,0.0,-5815.98969185225,-12459.7499821476
175.0,-190.81961288452098,0.0,1.0,0.0,1.0,-6268.64244293897,-11653.904957921899
175.0,-190.15752830505298,0.0287905411745186,0.9712094588254809,0.0889612831485411,0.9110387168514591,-6245.885369722309,-11735.1423855545
175.0,-189.495443725586,0.0590801290599543,0.9409198709400458,0.17305872710729503,0.8269412728927049,-6223.02758990438,-11811.307524220801
175.0,-188.833359146118,0.0909780935907378,0.9090219064092622,0.252177702094236,0.7478222979057639,-6200.0592462371205,-11882.135456780501
175.0,-188.17127456665,0.124600684089374,0.8753993159106259,0.32630129128775204,0.6736987087122479,-6176.96998792172,-11947.4722425277
175.0,-187.509189987182,0.1600677600461,0.8399322399539,0.395495543537349,0.6045044564626509,-6153.7493204107805,-12007.264112114099
175.0,-186.847105407715,0.197502097877208,0.802497902122792,0.45989899255255395,0.540101007447446,-6130.386676014301,-12061.551447331101
175.0,-186.185020828247,0.23702873996256502,0.762971260037435,0.519709170545309,0.48029082945469104,-6106.871477534361,-12110.4574098312
175.0,-185.522936248779,0.27877442625591603,0.7212255737440841,0.5751677201520671,0.424832279847933,-6083.19319104827,-12154.1730279148
175.0,-184.860851669311,0.322867131278636,0.677132868721364,0.626545653146803,0.373454346853197,-6059.34136588672,-12192.940755336102
175.0,-184.198767089844,0.36943571305741996,0.6305642869425799,0.674129969243553,0.325870030756447,-6035.305661569771,-12227.038290571201
175.0,-183.536682510376,0.418609668246854,0.581390331753146,0.718212388374465,0.28178761162553495,-6011.07586271057,-12256.763963491001
175.0,-182.874597930908,0.47051898000892,0.529481019991081,0.7590805036861139,0.240919496313886,-5986.641883624499,-12282.4244455049
175.0,-182.21251335143998,0.525294041745634,0.474705958254366,0.7970113147613,0.20298868523870003,-5961.9937646609205,-12304.3250546603
175.0,-181.550428771972,0.5830656394369971,0.416934360563003,0.832266879122945,0.167733120877055,-5937.12166223194,-12322.762574878501
175.0,-180.888344192505,0.6439649769661401,0.35603502303386,0.865091713244327,0.134908286755673,-5912.0158342779605,-12338.0202970856
175.0,-180.226259613037,0.708123731454837,0.291876268545163,0.89571155206094,0.10428844793905999,-5886.66662258512,-12350.3648953247
175.0,-179.564175033569,0.775674128565356,0.22432587143464397,0.924333105835209,0.0756668941647907,-5861.064433031021,-12360.0447373861
175.0,-178.902090454101,0.846749030499739,0.15325096950026001,0.9511445085622241,0.0488554914377756,-5835.19971452536,-12367.2892636974
175.0,-178.24000587463402,0.9214820318549259,0.0785179681450742,0.9763162127710059,0.0236837872289944,-5809.062937149411,-12372.309121710801
175.0,-177.57792129516602,1.0,0.0,1.0,0.0,-5782.6453041908,-12375.2934601121
200.0,-189.49835433959998,0.0,1.0,0.0,1.0,-6244.8748026657995,-11580.524240346398
200.0,-188.828218841553,0.0293416583942332,0.9706583416057671,0.0878078054855316,0.912192194514468,-6221.73738902727,-11660.4680476248
200.0,-188.158083343506,0.0601589167042477,0.9398410832957521,0.17094180599243897,0.8290581940075609,-6198.50891957668,-11735.5053856232
200.0,-187.487947845459,0.0925566256079585,0.907443374392042,0.24928656439416896,0.750713435605831,-6175.17999382173,-11805.3800682389
200.0,-186.817812347412,0.126646231034911,0.8733537689650892,0.32281913096702197,0.6771808690329779,-6151.74075404852,-11869.940551354799
200.0,-186.147676849365,0.16254241088285198,0.837457589117148,0.391594778940387,0.6084052210596129,-6128.18123021164,-11929.1290630592
200.0,-185.47754135131902,0.200362425203162,0.7996375747968381,0.455737486284402,0.544262513715598,-6104.491402680021,-11982.976338235
200.0,-184.80740585327203,0.24022550291487102,0.759774497085129,0.515427678167674,0.48457232183232596,-6080.661258974089,-12031.591496621799
200.0,-184.13727035522498,0.282252302539364,0.717747697460636,0.570888621258244,0.42911137874175603,-6056.6808409567,-12075.1486144796
200.0,-183.467134857178,0.32656446898138597,0.673435531018614,0.6223728379228001,0.37762716207720004,-6032.540280608499,-12113.8717532088
200.0,-182.796999359131,0.37328429376341904,0.626715706236581,0.670149639631857,0.329850360368143,-6008.22982403067,-12148.020048254399
200.0,-182.126863861084,0.42253447471466,0.5774655252853399,0.714494490554714,0.285505509445286,-5983.7398444501205,-12177.874066615901
200.0,-181.456728363037,0.474437963760675,0.525562036239326,0.7556805226256039,0.24431947737439602,-5959.06084569161,-12203.724168198201
200.0,-180.78659286499,0.529117887855753,0.470882112144247,0.793972208999463,0.20602779100053698,-5934.18345787624,-12225.8611750535
200.0,-180.11645736694302,0.586697527382166,0.413302472617834,0.829620993556343,0.17037900644365697,-5909.098427110121,-12244.5693271458
200.0,-179.44632186889703,0.647300337524372,0.35269966247562795,0.862862564834705,0.137137435165295,-5883.79660074782,-12260.121297989399
200.0,-178.77618637084998,0.7110500003410551,0.288949999658945,0.893915430458466,0.106084569541534,-5858.26890954466,-12272.7749422898
200.0,-178.106050872803,0.7780704978449491,0.221929502155051,0.92298046558512,0.0770195344148795,-5832.50634771724,-12282.7714219867
200.0,-177.435915374756,0.848486198924198,0.151513801075802,0.950241152695619,0.0497588473043815,-5806.4999516548,-12290.334378195601
200.0,-176.765779876709,0.9224219552079979,0.0775780447920023,0.97586428147042,0.0241357185295798,-5780.24077778246,-12295.6698585753
200.0,-176.095644378662,1.0,0.0,1.0,0.0,-5753.720184903101,-12298.965301304499
225.0,-188.295923614502,0.0,1.0,0.0,1.0,-6224.25698070449,-11513.1043206181
225.0,-187.618524932861,0.0298426973462985,0.9701573026537008,0.0867979245583372,0.913202075441663,-6200.76491306888,-11591.9331326526
225.0,-186.94112625122102,0.0611345175401497,0.93886548245985,0.169076921027667,0.8309230789723331,-6177.191433989399,-11665.9833288407
225.0,-186.26372756958,0.0939804673909684,0.9060195326090319,0.24673304348805,0.753266956511951,-6153.527093977211,-11735.022767363898
225.0,-185.586328887939,0.12848779378241001,0.87151220621759,0.319737992549575,0.680262007450425,-6129.76242840469,-11798.9019569623
225.0,-184.90893020629903,0.164766654418359,0.8352333455816411,0.388137719598191,0.611862280401809,-6105.887886549461,-11857.5598020573
225.0,-184.231531524658,0.20292950636145202,0.797070493638548,0.452043693595497,0.547956306404503,-6081.89388746043,-11911.0189433868
225.0,-183.55413284301702,0.24309052638323397,0.7569094736167661,0.5116216492127229,0.4883783507872771,-6057.770870627889,-11959.376650009199
225.0,-182.876734161377,0.285365098214591,0.714634901785409,0.5670790392476459,0.43292096075235403,-6033.50933821052,-12002.7926090302
225.0,-182.199335479736,0.32986938798012105,0.670130612019879,0.6186524135900799,0.38134758640992,-6009.09988703006,-12041.475175136698
225.0,-181.52193679809602,0.376720015808953,0.623279984191047,0.6665957285429399,0.33340427145706,-5984.5332298902695,-12075.667530148701
225.0,-180.844538116455,0.42603382101341397,0.5739661789865861,0.7111702581862008,0.2888297418138,-5959.80020680967,-12105.6348748497
225.0,-180.167139434814,0.47792771117313604,0.522072288826864,0.7526364356341569,0.247363564365843,-5934.89178740916,-12131.653364688402
225.0,-179.48974075317403,0.5325185817915329,0.46748141820846706,0.791247666182798,0.208752333817202,-5909.79906599861,-12154.0011144729
225.0,-178.812342071533,0.589923292195625,0.410076707804375,0.8272459568424849,0.172754043157515,-5884.5132509457,-12172.9512958249
225.0,-178.13494338989202,0.650258684174818,0.34974131582518303,0.8608590971009709,0.139140902899029,-5859.02564977486,-12188.7671530877
225.0,-177.457544708252,0.713641631717636,0.286358368282364,0.8922990863094279,0.10770091369057198,-5833.327651218399,-12201.6986584611
225.0,-176.780146026611,0.7801891124982041,0.21981088750179603,0.921761510963538,0.0782384890364617,-5807.4107051842,-12211.9804924239
225.0,-176.10274734496997,0.850018294067698,0.149981705932302,0.949425609623513,0.0505743903764871,-5781.26630135606,-12219.8310462792
225.0,-175.42534866333,0.9232466298313391,0.0767533701686606,0.9754548069589358,0.024545193041064,-5754.885946920749,-12225.452176301002
225.0,-174.747949981689,1.0,0.0,1.0,0.0,-5728.26039252808,-12229.033369398601
250.0,-187.189890289307,0.0,1.0,0.0,1.0,-6206.1895445748205,-11450.519300454
250.0,-186.50584259033198,0.0302967509430953,0.9697032490569051,0.08588208645049701,0.9141179135495029,-6182.36326986278,-11528.3475259274
250.0,-185.821794891358,0.0620212153435823,0.9379787846564179,0.16739494442080402,0.8326050555791948,-6158.46447889933,-11601.5251255795
250.0,-185.13774719238302,0.0952749103595886,0.9047250896404109,0.24443315674491198,0.755566843255088,-6134.484017590129,-11669.825897221399
250.0,-184.453699493408,0.130161372474152,0.869838627525848,0.316963593852958,0.6830364061470421,-6110.41273365677,-11733.102115753898
250.0,-183.76965179443403,0.16678677179030402,0.833213228209696,0.38502399567976103,0.614976004320239,-6086.24141132461,-11791.2898575757
250.0,-183.085604095459,0.20525933481307101,0.7947406651869291,0.4487148919859099,0.55128510801409,-6061.96082107477,-11844.4048390748
250.0,-182.40155639648398,0.24568879507900598,0.754311204920994,0.508189189882697,0.491810810117303,-6037.56176490277,-11892.5341488905
250.0,-181.71750869751,0.28818590464686106,0.711814095353139,0.563640515458103,0.43635948454189705,-6013.035114085339,-11935.8250562475
250.0,-181.033460998535,0.332862027031146,0.667137972968854,0.6152914116774499,0.38470858832255,-5988.3718377410305,-11974.4722924756
250.0,-180.34941329956,0.37982881998805396,0.620171180011946,0.663382315295255,0.33661768470474496,-5963.563021677641,-12008.7051272883
250.0,-179.665365600586,0.42919800666287,0.57080199333713,0.7081619484414681,0.291838051558532,-5938.59987796568,-12038.775286538701
250.0,-178.981317901611,0.48108122684109494,0.5189187731589051,0.74987945461675,0.25012054538325,-5913.47374629282,-12064.9463985594
250.0,-178.29727020263698,0.5355899563490429,0.46441004365095706,0.7887783475242349,0.21122165247576502,-5888.17608846067,-12087.4853075525
250.0,-177.613222503662,0.592835481441165,0.407164518558835,0.825092154734506,0.17490784526549402,-5862.6984774496495,-12106.6553127162
250.0,-176.929174804687,0.652928915543989,0.347071084456011,0.859041529424883,0.140958470575117,-5837.032582378891,-12122.711201266202
250.0,-176.245127105713,0.7159812472955089,0.284018752704491,0.8908325588974442,0.10916744110255601,-5811.170150498559,-12135.895836810601
250.0,-175.561079406738,0.782103410857872,0.217896589142128,0.9206559989287969,0.0793440010712034,-5785.10298712635,-12146.438023118799
250.0,-174.877031707763,0.8514063715910959,0.14859362840890397,0.9486871898360559,0.0513128101639444,-5758.822934216701,-12154.5513658115
250.0,-174.19298400878898,0.9240012221690509,0.0759987778309487,0.975086447428224,0.0249135525717762,-5732.3218480468295,-12160.4338794445
250.0,-173.508936309814,1.0,0.0,1.0,0.0,-5705.59151080467,-12164.2685028907
275.0,-186.163698577881,0.0,1.0,0.0,1.0,-6190.23106552157,-11391.9363093865
275.0,-185.47352256774897,0.0307123319037007,0.9692876680962991,0.0850429309269448,0.9149570690730551,-6166.08755562854,-11468.858319115801
275.0,-184.783346557617,0.06283440752501,0.9371655924749901,0.165859705480793,0.834140294519207,-6141.87991703381,-11541.254723901102
275.0,-184.09317054748502,0.0964619596964105,0.90353804030359,0.242335697490581,0.7576643025094201,-6117.59948149427,-11608.8940196087
275.0,-183.402994537354,0.131695205132078,0.8683047948679221,0.314433366213904,0.6855666337860962,-6093.2373432881395,-11671.6300345203
275.0,-182.712818527222,0.16863675114172,0.8313632488582801,0.382183112092816,0.617816887907184,-6068.78455324079,-11729.3964048696
275.0,-182.02264251709,0.207391049392775,0.792608950607225,0.44567575166295603,0.554324248337044,-6044.2321629594,-11782.2028304688
275.0,-181.332466506958,0.248063874119134,0.7519361258808659,0.505052818939131,0.49494718106086893,-6019.571265194771,-11830.127516719
275.0,-180.64229049682598,0.29076185597105203,0.7092381440289479,0.560495667846837,0.439504332153163,-5994.79302754719,-11873.306850448798
275.0,-179.952114486694,0.335592091426049,0.664407908573951,0.6122143770736179,0.387785622926382,-5969.888717872261,-11911.923568838301
275.0,-179.261938476563,0.38266183646763796,0.617338163532362,0.660437310215353,0.339562689784647,-5944.84972083157,-11946.1946331322
275.0,-178.571762466431,0.43207828395630704,0.567921716043693,0.7054019338537709,0.294598066146229,-5919.66754590306,-11976.3597868978
275.0,-177.88158645629903,0.483948417621792,0.5160515823782079,0.7473472221306279,0.252652777869372,-5894.33382774843,-12002.6714614576
275.0,-177.191410446167,0.5383789319112371,0.4616210680887629,0.7865077364558629,0.213492263544137,-5868.840320140551,-12025.3863750049
275.0,-176.501234436035,0.5954762055546501,0.40452379444534997,0.823109292896346,0.176890707103654,-5843.17888473802,-12044.7589114601
275.0,-175.811058425903,0.6553463170010551,0.34465368299894505,0.857366022730024,0.14263397726997598,-5817.341475924771,-12061.03618228
275.0,-175.12088241577098,0.718095091196516,0.281904908803484,0.8894785834911141,0.110521416508886,-5791.320122773979,-12074.4545671924
275.0,-174.43070640564,0.78382816899386,0.21617183100614001,0.9196332721776509,0.0803667278223494,-5765.10690899756,-12085.2374833899
275.0,-173.74053039550802,0.852651092420501,0.147348907579499,0.948001812769673,0.0519981872303271,-5738.693951541701,-12093.594128475901
275.0,-173.050354385376,0.924669400903908,0.0753305990960916,0.9747416219907791,0.0252583780092206,-5712.07337830044,-12099.718960951599
275.0,-172.36017837524398,1.0,0.0,1.0,0.0,-5685.23628968766,-12103.7974979603
300.0,-185.20479812622102,0.0,1.0,0.0,1.0,-6176.0477825464795,-11336.7228044819
300.0,-184.508921051026,0.0310996936716221,0.9689003063283779,0.0842775918528535,0.915722408147147,-6151.600333366279,-11412.8306875622
300.0,-183.81304397583,0.0635907729988473,0.9364092270011529,0.164456657612789,0.8355433423872108,-6127.097058973531,-11484.5220853666
300.0,-183.117166900635,0.0975646241759013,0.9024353758240992,0.240416881294332,0.759583118705668,-6102.529604140121,-11551.5642611842
300.0,-182.42128982544,0.133118473243015,0.866881526756985,0.312116672292262,0.687883327707738,-6077.88925386129,-11613.812445823998
300.0,-181.72541275024398,0.170351721169236,0.829648278830764,0.379579808488054,0.620420191511946,-6053.16726794203,-11671.1981562748
300.0,-181.02953567504903,0.209365425892403,0.7906345741075971,0.442888395292005,0.557111604707995,-6028.35492019049,-11723.725815765702
300.0,-180.333658599854,0.250261805820896,0.7497381941791039,0.502173781705077,0.497826218294923,-6003.443534297629,-11771.465802884399
300.0,-179.637781524658,0.293143794409982,0.7068562055900179,0.557606321543847,0.44239367845615296,-5978.4245138058395,-11814.5448752915
300.0,-178.941904449463,0.33811466511005,0.6618853348899499,0.609384895467567,0.390615104532433,-5953.289364587629,-11853.135110531599
300.0,-178.24602737426702,0.38527773560255796,0.614722264397441,0.6577269858470121,0.34227301415298805,-5928.02970924251,-11887.4424807262
300.0,-177.550150299072,0.43473615150667494,0.565263848493325,0.702859876811532,0.29714012318846805,-5902.637293622691,-11917.6959811454
300.0,-176.854273223877,0.486592743499517,0.513407256500483,0.745013304830583,0.254986695169417,-5877.103986249251,-11944.1379513338
300.0,-176.158396148681,0.540949948119947,0.459050051880053,0.784413664020185,0.21558633597981502,-5851.4217716834,-11967.015939518898
300.0,-175.462519073486,0.5979097810248071,0.402090218975193,0.8212797038857521,0.178720296114248,-5825.582739016179,-11986.576218016999
300.0,-174.76664199829102,0.657573851557423,0.34242614844257696,0.8558195523514021,0.14418044764859803,-5799.57906659586,-12003.0588820597
300.0,-174.07076492309503,0.7200434085909749,0.279956591409025,0.888228846221766,0.11177115377823402,-5773.40300397954,-12016.69435759
300.0,-173.3748878479,0.785419409233804,0.21458059076619604,0.9186897407458628,0.0813102592541371,-5747.04685192202,-12027.701093361202
300.0,-172.679010772705,0.8538026037655909,0.146197396234409,0.9473705850953861,0.0526294149046136,-5720.502941034089,-12036.2842029609
300.0,-171.983133697509,0.925293631935002,0.0747063680649983,0.9744260776313871,0.0255739223686127,-5693.76360956836,-12042.6348353881
300.0,-171.287256622314,1.0,0.0,1.0,0.0,-5666.82057171184,-12046.9337156747
325.0,-184.303575897217,0.0,1.0,0.0,1.0,-6163.38535288446,-11284.394440761002
325.0,-183.60235824584998,0.0314616679803131,0.968538332019687,0.0835704095804547,0.916429590419545,-6138.6450619405705,-11359.7604213738
325.0,-182.901140594483,0.0642975928063867,0.9357024071936129,0.163161327760832,0.836838672239168,-6113.8570467582995,-11430.811613548001
325.0,-182.199922943115,0.0985945118071241,0.901405488192876,0.238645376973151,0.7613546230268492,-6089.01326191171,-11497.311577241202
325.0,-181.498705291748,0.134446939232311,0.865553060767689,0.309977197975016,0.6900228020249841,-6064.10513497425,-11559.1167968014
325.0,-180.797487640381,0.17195137098142002,0.82804862901858,0.377174534070725,0.622825465929275,-6039.1240853686295,-11616.1569283485
325.0,-180.09626998901402,0.21120579256964703,0.788794207430353,0.44031160152902,0.55968839847098,-6014.061558909711,-11668.4317200276
325.0,-179.39505233764703,0.252309205976053,0.747690794023947,0.49951054097140507,0.500489459028595,-5988.90905953777,-11716.004586679399
325.0,-178.693834686279,0.295361203523839,0.7046387964761609,0.554931755223877,0.445068244776123,-5963.65817581329,-11758.9936855649
325.0,-177.992617034912,0.340461607506378,0.6595383924936221,0.6067639755090379,0.393236024490962,-5938.30060065477,-11797.561535570701
325.0,-177.29139938354498,0.38771018461913503,0.6122898153808649,0.655214794568793,0.344785205431207,-5912.828143698771,-11831.9042138537
325.0,-176.590181732178,0.437206436016568,0.5627935639834319,0.700502211238537,0.299497788761463,-5887.2327364044395,-11862.2409962946
325.0,-175.888964080811,0.489049457812644,0.510950542187356,0.742847507286916,0.257152492713084,-5861.50643054592,-11888.8050573001
325.0,-175.18774642944302,0.543337863205362,0.45666213679463796,0.782469572750867,0.217530427249133,-5835.641391034411,-11911.835581174098
325.0,-174.48652877807598,0.600169755804385,0.39983024419561497,0.8195806384251179,0.180419361574883,-5809.62988412282,-11931.5714100355
325.0,-173.785311126709,0.659642743663305,0.34035725633669506,0.8543832718098392,0.145616728190161,-5783.464262021129,-11948.2461852851
325.0,-173.084093475342,0.7218539844339269,0.278146015566073,0.8870684403729839,0.112931559627016,-5757.13694484177,-11962.084833744098
325.0,-172.38287582397498,0.7869002535130211,0.213099746486979,0.9178144316021021,0.0821855683978978,-5730.640400641661,-11973.3011965557
325.0,-171.681658172607,0.854878028694461,0.145121971305539,0.9467864299491109,0.0532135700508886,-5703.96712416453,-11982.096584701101
325.0,-170.98044052123998,0.925883586497772,0.0741164135022281,0.974136573745528,0.0258634262544717,-5677.10961472727,-11988.6590533645
325.0,-170.279222869873,1.0,0.0,1.0,0.0,-5650.061495102111,-11993.1561551154
350.0,-183.45228805541998,0.0,1.0,0.0,1.0,-6152.03892764857,-11234.5596153649
350.0,-182.74606361389198,0.0318054649886853,0.9681945350113149,0.0829218490642061,0.9170781509357941,-6127.01552318058,-11309.2596168518
350.0,-182.039839172363,0.0649645525897745,0.935035447410226,0.16196388183091198,0.8380361181690881,-6101.95274166246,-11379.7233786904
350.0,-181.333614730835,0.0995635875603761,0.900436412439624,0.237002825497851,0.7629971745021491,-6076.84243976854,-11445.7257814002
350.0,-180.627390289307,0.135694602198362,0.864305397801638,0.307989808818307,0.6920101911816929,-6051.67614631307,-11507.1244731998
350.0,-179.921165847778,0.17345143531311502,0.826548564686885,0.37493703241129206,0.625062967588708,-6026.44539821729,-11563.8474732507
350.0,-179.21494140625,0.21292926426982298,0.7870707357301779,0.43791150205907503,0.5620884979409251,-6001.14177070569,-11615.8903538544
350.0,-178.508716964722,0.254224153593397,0.745775846406603,0.49702695225524,0.50297304774476,-5975.7569051601,-11663.3102757385
350.0,-177.80249252319302,0.29743264698005495,0.7025673530199449,0.552434695056212,0.4475653049437871,-5950.28253235076,-11706.217639198601
350.0,-177.096268081665,0.3426514208793,0.657348579120701,0.6043141718293671,0.395685828170633,-5924.71048958185,-11744.7663066199
350.0,-176.39004364013698,0.3899770088008211,0.6100229911991789,0.652863898999163,0.3471361010008369,-5899.03273110796,-11779.1433572286
350.0,-175.683819198608,0.439505597704608,0.560494402295392,0.6982933266211879,0.301706673378812,-5873.241331867,-11809.559191845201
350.0,-174.97759475708,0.4913328920581721,0.5086671079418279,0.7408159251443249,0.25918407485567496,-5847.32848506906,-11836.238580913701
350.0,-174.271370315551,0.545554037550854,0.45444596244914504,0.780643625925466,0.21935637407453398,-5821.28649447288,-11859.4130074898
350.0,-173.56514587402302,0.602263594775766,0.39773640522423404,0.8179825917800879,0.18201740821991197,-5795.10776230209,-11879.314443995701
350.0,-172.858921432495,0.661555552969052,0.338444447030948,0.8530301941903778,0.146969805809622,-5768.78477374609,-11896.1705406337
350.0,-172.152696990966,0.72352337464861,0.27647662535139,0.885973020210758,0.11402697978924198,-5742.31007890071,-11910.2010989219
350.0,-171.446472549438,0.788260063294451,0.211739936705549,0.916985714547621,0.0830142854523789,-5715.676272871329,-11921.6156486905
350.0,-170.74024810791,0.8558582477283799,0.14414175227162,0.9462304690604358,0.0537695309395635,-5688.87597461349,-11930.611928916398
350.0,-170.034023666381,0.926410278412499,0.0735897215875007,0.9738569913345291,0.0261430086654715,-5661.90180493909,-11937.375077139499
350.0,-169.327799224853,1.0,0.0,1.0,0.0,-5634.7470774680605,-11942.0727604424
375.0,-182.644792938232,0.0,1.0,0.0,1.0,-6141.84703116662,-11186.9080968451
375.0,-181.933842086792,0.032133727419236,0.967866272580764,0.0823241005946201,0.9176758994053801,-6116.548438854909,-11261.007913641899
375.0,-181.222891235351,0.0655976564074045,0.934402343592595,0.16085229849565602,0.839147701504344,-6091.21899990163,-11330.9310776283
375.0,-180.51194038391102,0.100481186007534,0.8995188139924659,0.235474028683319,0.7645259713166809,-6065.85015972859,-11396.475626900301
375.0,-179.80098953246997,0.136874070363325,0.8631259296366751,0.30613712737824,0.6938628726217609,-6040.43351118437,-11457.5002951319
375.0,-179.09003868103,0.174867710287908,0.825132289712092,0.372848672929803,0.627151327070197,-6014.96067103479,-11513.9316533849
375.0,-178.37908782959,0.21455470774645,0.78544529225355,0.43566904132118606,0.564330958678814,-5989.42330606207,-11565.761522523999
375.0,-177.668136978149,0.256028434803733,0.7439715651962671,0.49470424897327103,0.505295751026729,-5963.81315725861,-11613.0414151249
375.0,-176.957186126709,0.299382642706585,0.7006173572934151,0.5500972573267099,0.44990274267329,-5938.122059966579,-11655.8746978691
375.0,-176.246235275268,0.34471112874531895,0.655288871254681,0.6020189603729399,0.39798103962706,-5912.341958552,-11694.4073539404
375.0,-175.53528442382802,0.39210747010538505,0.607892529894615,0.650659503811187,0.349340496188813,-5886.464914951639,-11728.8182413258
375.0,-174.824333572388,0.44166482652788,0.55833517347212,0.6962204309192641,0.30377956908073606,-5860.483111071309,-11759.3096206361
375.0,-174.113382720947,0.49347580803595,0.50652419196405,0.7389079644622328,0.261092035537767,-5834.3888454822,-11786.0985244031
375.0,-173.40243186950698,0.547632400440906,0.452367599559094,0.778927557415532,0.221072442584468,-5808.17452514797,-11809.409317521899
375.0,-172.69148101806599,0.604225939601913,0.39577406039808705,0.8164797036966601,0.18352029630334002,-5781.83265304244,-11829.467598725902
375.0,-171.980530166626,0.6633471250697529,0.336652874930247,0.8517569032307629,0.148243096769237,-5755.35581252519,-11846.495438849099
375.0,-171.269579315186,0.725086064354235,0.27491393564576505,0.8849416214241171,0.11505837857588301,-5728.7366492705505,-11860.7078489317
375.0,-170.558628463745,0.7895323402173849,0.210467659782615,0.9162050629603259,0.0837949370396739,-5701.96785142946,-11872.3103146355
375.0,-169.847677612305,0.856775094794351,0.14322490520564904,0.9457065832923579,0.0542934167076425,-5675.04212857121,-11881.497212330702
375.0,-169.13672676086398,0.926903125816027,0.073096874183973,0.9735935774745109,0.0264064225254891,-5647.95218981709,-11888.4509231831
375.0,-168.425775909424,1.0,0.0,1.0,0.0,-5620.69114170522,-11893.338668396202
400.0,-181.87628402709998,0.0,1.0,0.0,1.0,-6132.685013583511,-11141.198848714399
400.0,-181.160847091675,0.032438126624309,0.9675618733756909,0.081745549551306,0.918254450448694,-6107.118642537071,-11214.7201701925
400.0,-180.44541015625,0.0661907170758205,0.9338092829241801,0.159792341879673,0.840207658120327,-6081.5292570989295,-11284.1457384147
400.0,-179.729973220825,0.101343188567725,0.898656811432275,0.23402303613241396,0.765976963867586,-6055.908489903629,-11349.2692188573
400.0,-179.014536285401,0.137983197506449,0.862016802493551,0.304382347845408,0.6956176521545919,-6030.247964004399,-11409.9503440777
400.0,-178.29909934997602,0.17619990022637602,0.8238000997736241,0.370872577418901,0.629127422581099,-6004.53934199973,-11466.1143775786
400.0,-177.58366241455101,0.21608352847008702,0.783916471529913,0.433547955636442,0.566452044363558,-5978.77434823709,-11517.749733094499
400.0,-176.868225479126,0.257724977422367,0.742275022577633,0.492507361518275,0.507492638481725,-5952.94478952436,-11564.9027786807
400.0,-176.15278854370098,0.301215430896692,0.698784569103308,0.5478860359878239,0.452113964012176,-5927.042572318261,-11607.6704568027
400.0,-175.43735160827597,0.34664604083322803,0.653353959166772,0.599846962670406,0.40015303732959495,-5901.059715025,-11646.1915329522
400.0,-174.721914672852,0.3941076703501721,0.605892329649828,0.6485725264391801,0.35142747356082,-5874.988354736291,-11680.6373106957
400.0,-174.006477737427,0.443690702564816,0.556309297435184,0.694256922874905,0.30574307712509496,-5848.82074831997,-11711.202546537199
400.0,-173.291040802002,0.495484912038574,0.504515087961426,0.7370996216343159,0.26290037836568403,-5822.549268228559,-11738.0971163052
400.0,-172.57560386657698,0.549579392211473,0.450420607788527,0.7773000220816271,0.222699977918373,-5796.166393667911,-11761.5387796825
400.0,-171.860166931152,0.6060625304043101,0.39393746959569,0.8150533050974351,0.184946694902565,-5769.6646979014695,-11781.7472017073
400.0,-171.144729995727,0.6650220215183199,0.33497797848168,0.850547390920668,0.149452609079332,-5743.0368324848905,-11798.9392423619
400.0,-170.429293060302,0.726544912043972,0.27345508795602896,0.8839608583084508,0.11603914169154901,-5716.27550916975,-11813.3254246294
400.0,-169.713856124878,0.79071766702931,0.20928233297069002,0.91546165800905,0.08453834199094999,-5689.37348011484,-11825.107433759
400.0,-168.998419189453,0.857626253952491,0.142373746047509,0.9452064541419201,0.05479354585808,-5662.323516923871,-11834.476476780901
400.0,-168.28298225402798,0.927356238830635,0.0726437611693649,0.973340440585756,0.0266595594142444,-5635.11838890525,-11841.612329303101
400.0,-167.567545318603,1.0,0.0,1.0,0.0,-5607.7502523675,-11846.6870406363
425.0,-181.142488861084,0.0,1.0,0.0,1.0,-6124.44088771771,-11097.215038144199
425.0,-180.42276611328097,0.032725053406506,0.967274946593494,0.0811931495136095,0.918806850486391,-6098.6123399868,-11170.189250071002
425.0,-179.70304336547798,0.0667527967968338,0.9332472032031658,0.158787923335207,0.841212076664792,-6072.76828801406,-11239.155944001499
425.0,-178.98332061767601,0.10216132907501402,0.897838670924986,0.232651361110465,0.7673486388895351,-6046.90079663813,-11303.891454511799
425.0,-178.263597869873,0.13903637320350698,0.860963626796493,0.302725210788046,0.6972747892119541,-6021.00148772564,-11364.2564390682
425.0,-177.54387512207,0.177465016532583,0.822534983467417,0.369007301644952,0.630992698355049,-5995.0620383675905,-11420.1749822449
425.0,-176.82415237426702,0.21753530594798604,0.782464694052014,0.43154614909309297,0.5684538509069069,-5969.07419935141,-11471.63239779
425.0,-176.104429626465,0.259335853871985,0.7406641461280151,0.49043400936868,0.50956599063132,-5943.02981253121,-11518.6703566545
425.0,-175.384706878662,0.302955478676274,0.6970445213237261,0.545798961846467,0.4542010381535321,-5916.92082517579,-11561.3799184954
425.0,-174.66498413085898,0.34848289622339695,0.651517103776603,0.597796646058977,0.402203353941022,-5890.739299971229,-11599.8932198987
425.0,-173.945261383056,0.396006471788271,0.603993528211729,0.646602229742385,0.353397770257615,-5864.47741998796,-11634.3746051996
425.0,-173.22553863525397,0.445614034921628,0.554385965078372,0.692403060802562,0.30759693919743797,-5838.12748847838,-11665.0118965268
425.0,-172.50581588745098,0.497392754641334,0.5026072453586661,0.7353922997102951,0.264607700289705,-5811.681923792829,-11692.0083355717
425.0,-171.786093139648,0.551429068905933,0.44857093109406704,0.7757636749349871,0.22423632506501298,-5785.133249973571,-11715.5755399014
425.0,-171.066370391845,0.6078086605009959,0.392191339499004,0.813707376209732,0.186292623790268,-5758.47408372347,-11735.9276398008
425.0,-170.346647644043,0.666616470929806,0.333383529070194,0.849407009154447,0.15059299084555303,-5731.69711847697,-11753.2766200279
425.0,-169.62692489623998,0.7279367442689499,0.27206325573105,0.8830374801662471,0.116962519833753,-5704.79510625798,-11767.8287922066
425.0,-168.907202148437,0.791853093876158,0.20814690612384196,0.9147636564532399,0.0852363435467599,-5677.76083792333,-11779.7822652681
425.0,-168.187479400634,0.8584485860353679,0.14155141396463097,0.944739644212288,0.0552603557877119,-5650.58712228328,-11789.3252554757
425.0,-167.46775665283198,0.9278058359322711,0.0721941640677287,0.973108539014875,0.0268914609851248,-5623.266764477679,-11796.635072989098
425.0,-166.748033905029,1.0,0.0,1.0,0.0,-5595.793122756059,-11801.873441915
450.0,-180.439669036865,0.0,1.0,0.0,1.0,-6117.01598639734,-11054.7651760952
450.0,-179.715874099731,0.033004679980649,0.966995320019351,0.0806835377758034,0.919316462224197,-6090.93051718313,-11127.2506115059
450.0,-178.992079162597,0.0672942162316316,0.9327057837683679,0.15784777221469598,0.8421522277853041,-6064.83756088856,-11195.788727932
450.0,-178.268284225464,0.10294590041564802,0.8970540995843521,0.231360828699362,0.7686391713006379,-6038.729052602521,-11260.1619633254
450.0,-177.54448928833,0.14004365628366103,0.8599563437163392,0.30116164264248496,0.698838357357515,-6012.596585186209,-11320.2318714493
450.0,-176.82069435119598,0.178672645660327,0.821327354339673,0.36724384685369604,0.632756153146304,-5986.431822642379,-11375.9214893138
450.0,-176.096899414062,0.218918882241258,0.7810811177587421,0.42965061245826,0.57034938754174,-5960.2265149738405,-11427.213304640802
450.0,-175.37310447692798,0.260868854673658,0.7391311453263419,0.48846800934151,0.51153199065849,-5933.972512317261,-11474.144676316499
450.0,-174.64930953979498,0.30460918149997807,0.695390818500022,0.543817424296556,0.45618257570344395,-5907.661776532479,-11516.8012393728
450.0,-173.92551460266102,0.350226314280234,0.649773685719766,0.5958476242820799,0.40415237571792,-5881.2863889603605,-11555.3089947464
450.0,-173.201719665527,0.39780629813281604,0.602193701867184,0.6447270098711221,0.355272990128878,-5854.83855364795,-11589.825822513401
450.0,-172.477924728393,0.44743459255651297,0.552565407443487,0.6906364928486329,0.309363507151367,-5828.310595858759,-11620.533081297199
450.0,-171.754129791259,0.49919595039764203,0.5008040496023579,0.733763287851013,0.26623671214898703,-5801.6949560866005,-11647.627807987801
450.0,-171.03033485412598,0.5531743494535699,0.44682565054643,0.774295763821997,0.22570423617800303,-5774.98418005645,-11671.3158561563
450.0,-170.306539916992,0.609452969353409,0.390547030646591,0.8124193794391529,0.187580620560847,-5748.170905335649,-11691.8061448343
450.0,-169.582744979858,0.668114205738636,0.331885794261364,0.8483136381726709,0.151686361827329,-5721.24784521905,-11709.3060535644
450.0,-168.858950042724,0.7292397140348671,0.270760285965133,0.882149944196835,0.11785005580316499,-5694.20777052152,-11724.0179031466
450.0,-168.13515510558997,0.7929104759308471,0.20708952406915304,0.9140902149194279,0.0859097850805716,-5667.04348983731,-11736.136402825401
450.0,-167.41136016845698,0.8592068827883,0.14079311721170001,0.9442861018628491,0.0557138981371513,-5639.74782873092,-11745.846916964
450.0,-166.687565231323,0.9282088314408029,0.0717911685591974,0.9728786805164491,0.0271213194835512,-5612.31360822048,-11753.324397433502
450.0,-165.963770294189,1.0,0.0,1.0,0.0,-5584.7332890959,-11758.7353653125
475.0,-179.76488723754903,0.0,1.0,0.0,1.0,-6110.334349494649,-11013.700542551398
475.0,-179.03719367981003,0.0332771240559608,0.966722875944039,0.0802101490074658,0.919789850992534,-6083.99597403927,-11085.745938548402
475.0,-178.309500122071,0.0678173368911989,0.9321826631088009,0.156965077532375,0.843034922467625,-6057.65844607616,-11153.884579195501
475.0,-177.581806564331,0.103701540398953,0.896298459601047,0.230144701721006,0.769855298278994,-6031.313215599301,-11217.9203194454
475.0,-176.854113006592,0.141011986503365,0.858988013496635,0.299685277893354,0.700314722106646,-6004.951819760329,-11277.7155759379
475.0,-176.126419448853,0.17983204665907604,0.8201679533409241,0.365576485503332,0.634423514496668,-5978.565883200589,-11333.192450029599
475.0,-175.398725891113,0.220245843916413,0.7797541560835871,0.4278564843631121,0.5721435156368879,-5952.147129341851,-11384.3308468247
475.0,-174.67103233337397,0.262337891930779,0.737662108069221,0.486605552419019,0.5133944475809811,-5925.687391387901,-11431.164159283799
475.0,-173.943338775635,0.30619276384306604,0.6938072361569338,0.541938810418932,0.458061189581068,-5899.17862121083,-11473.7730131665
475.0,-173.215645217896,0.351894806527314,0.648105193472686,0.593998584246831,0.406001415753169,-5872.61289490172,-11512.2777241279
475.0,-172.48795166015597,0.399527909491546,0.600472090508454,0.642946921670546,0.357053078329454,-5845.98241426843,-11546.830163055
475.0,-171.760258102417,0.44917533155675204,0.5508246684432478,0.6889586797969369,0.311041320203063,-5819.27950405439,-11577.6056610177
475.0,-171.032564544678,0.500919583608529,0.49908041639147105,0.7322154664941941,0.26778453350580605,-5792.49660503292,-11604.795450491201
475.0,-170.304870986939,0.5548423624032031,0.44515763759679705,0.772900583834806,0.22709941616519394,-5765.626263389499,-11628.599976360902
475.0,-169.577177429199,0.611024528540313,0.38897547145968697,0.811195005776996,0.18880499422300398,-5738.66111694664,-11649.223252843101
475.0,-168.84948387146002,0.669546121027401,0.330453878972599,0.847274336533265,0.15272566346673497,-5711.59387883443,-11666.8683122411
475.0,-168.12179031372102,0.7304864010408131,0.269513598959187,0.881306641982528,0.118693358017472,-5684.41731919081,-11681.7336972144
475.0,-167.394096755982,0.7939239182182729,0.206076081781727,0.913451019873662,0.0865489801263385,-5657.124245413511,-11694.0108894268
475.0,-166.66640319824302,0.8599365938439121,0.14006340615608803,0.9438567686597971,0.0561432313402035,-5629.70748140117,-11703.8825382327
475.0,-165.938709640503,0.9286018164504541,0.071398183549546,0.9726630217450541,0.0273369782549465,-5602.1598461270205,-11711.5213442822
475.0,-165.211016082764,1.0,0.0,1.0,0.0,-5574.47386020028,-11717.0915948179
500.0,-179.115740203857,0.0,1.0,0.0,1.0,-6104.33490322629,-10973.9005912706
500.0,-178.384308242797,0.0335362200620092,0.9664637799379909,0.0797532059191416,0.920246794080859,-6077.74768731944,-11045.526855116299
500.0,-177.652876281738,0.0683166691090844,0.9316833308909158,0.15611827904468698,0.843881720955313,-6051.169440817621,-11113.2928852078
500.0,-176.92144432067798,0.10442336466272198,0.8955766353372779,0.22898015146264497,0.771019848537355,-6024.591321883579,-11177.0142017505
500.0,-176.19001235961898,0.14193700014271,0.8580629998572901,0.29827249871732103,0.701727501282679,-5998.00478686022,-11236.5540316602
500.0,-175.458580398559,0.18093927739184398,0.8190607226081559,0.363981251731834,0.6360187482681661,-5971.40139644592,-11291.8336294645
500.0,-174.7271484375,0.22151255568654102,0.7784874443134591,0.42613984271809,0.57386015728191,-5944.7728235179,-11342.8305207422
500.0,-173.99571647643998,0.263739506048845,0.7362604939511551,0.484823096840974,0.515176903159026,-5918.11086104723,-11389.57442685
500.0,-173.264284515381,0.307702793495572,0.6922972065044279,0.5401402380764461,0.45985976192355393,-5891.40742832157,-11432.1413211126
500.0,-172.53285255432098,0.35348480197961407,0.6465151980203859,0.592227526981172,0.40777247301882796,-5864.654574312161,-11470.6462237328
500.0,-171.80142059326099,0.401167411401234,0.598832588598766,0.641241021304399,0.358758978695601,-5837.8444774483205,-11505.2353928128
500.0,-171.06998863220198,0.45083183003352595,0.549168169966474,0.6873498592153341,0.312650140784666,-5810.9694415333,-11536.078513828501
500.0,-170.33855667114202,0.502558481046687,0.497441518953313,0.730730341836524,0.26926965816347603,-5784.02188789663,-11563.3613675952
500.0,-169.607124710083,0.556426938563809,0.4435730614361911,0.7715609647191009,0.22843903528089898,-5756.99434412883,-11587.2793050747
500.0,-168.875692749023,0.61251590679755,0.38748409320245,0.810018437465374,0.189981562534626,-5729.879429888249,-11608.0317086381
500.0,-168.144260787964,0.670903235071411,0.32909676492858897,0.846274647590611,0.153725352409389,-5702.6698403256205,-11625.817494463001
500.0,-167.412828826904,0.7316659616259509,0.268334038374049,0.8804944711020369,0.11950552889796302,-5675.358327662851,-11640.8316187473
500.0,-166.681396865845,0.7948803797570659,0.205119620242934,0.9128343047310841,0.0871656952689164,-5647.937681411159,-11653.262491686599
500.0,-165.949964904785,0.860622120781413,0.139377879218587,0.943441187203476,0.056558812796524,-5620.40070763954,-11663.2901726835
500.0,-165.21853294372602,0.928966249422043,0.0710337505779566,0.972452382131729,0.0275476178682711,-5592.740207618979,-11671.085209770801
500.0,-164.487100982666,1.0,0.0,1.0,0.0,-5564.94797983098,-11676.8159163004
525.0,-178.490091705322,0.0,1.0,0.0,1.0,-6098.9632424477,-10935.2575983173
525.0,-177.75504150390597,0.0337807407045536,0.9662192592954459,0.0793056713396572,0.920694328660343,-6072.129995296329,-11006.4740544741
525.0,-177.01999130249,0.0687931215751113,0.931206878424889,0.155301263260117,0.8446987367398829,-6045.31342060011,-11073.8944951251
525.0,-176.284941101074,0.105114472544161,0.894885527455839,0.22786212026567898,0.7721378797343209,-6018.50479981403,-11137.324690805
525.0,-175.549890899658,0.14282403977062802,0.857175960229372,0.296919430996624,0.7030805690033759,-5991.69548363719,-11196.628638699
525.0,-174.814840698242,0.182001974141463,0.817998025858537,0.36245556083701297,0.637544439162987,-5964.87694460215,-11251.7268215721
525.0,-174.07979049682598,0.22272899347114,0.77727100652886,0.424499470415788,0.575500529584212,-5938.04078168383,-11302.5945643227
525.0,-173.34474029541,0.26508605450232603,0.7349139454976741,0.48312084524907,0.51687915475093,-5911.1787249341605,-11349.2581870147
525.0,-172.60969009399398,0.309154046322833,0.690845953677167,0.538423356202885,0.461576643797115,-5884.2826391830795,-11391.789341406598
525.0,-171.87463989257802,0.355013525924851,0.644986474075149,0.590537551284157,0.409462448715843,-5857.3445252043,-11430.298117433798
525.0,-171.139589691162,0.40274450306517995,0.5972554969348199,0.6396138416979139,0.360386158302086,-5830.356517758841,-11464.9255352009
525.0,-170.40453948974599,0.45242627831296506,0.547573721687035,0.685815967225606,0.314184032774394,-5803.31088018678,-11495.835998986202
525.0,-169.66948928833,0.50413733332197,0.49586266667803003,0.7293152111839449,0.270684788816055,-5776.1999955868105,-11523.2101775722
525.0,-168.934439086914,0.5579552691743951,0.44204473082560497,0.7702855156209371,0.22971448437906303,-5749.016354866811,-11547.2386339378
525.0,-168.199388885498,0.6139567867510849,0.386043213248915,0.8088995420107259,0.191100457989274,-5721.752542093879,-11568.1163866073
525.0,-167.46433868408198,0.672217702285838,0.327782297714162,0.845325642161354,0.154674357838646,-5694.40121763447,-11586.038464977
525.0,-166.729288482666,0.732812991284277,0.267187008715723,0.879725651008442,0.120274348991558,-5666.95509957526,-11601.1964312101
525.0,-165.99423828125,0.7958168545568008,0.204183145443199,0.912253384677912,0.0877466153220881,-5639.40694387419,-11613.7757827525
525.0,-165.259188079834,0.861302800991996,0.138697199008004,0.9430537182121709,0.0569462817878291,-5611.74952362614,-11623.954118001398
525.0,-164.524137878418,0.9293437427322769,0.070656257267723,0.9722621209936559,0.0277378790063437,-5583.975607750551,-11631.8999356801
525.0,-163.789087677002,1.0,0.0,1.0,0.0,-5556.0788580776,-11637.7642306587
550.0,-177.88580551147498,0.0,1.0,0.0,1.0,-6094.1630044161,-10897.6605482125
550.0,-177.147297286988,0.0340190837512076,0.965980916248792,0.0788828363658569,0.9211171636341429,-6067.087261908149,-10968.5027363645
550.0,-176.4087890625,0.0692536659946826,0.9307463340053169,0.154521604050069,0.8454783959499308,-6040.036203551889,-11035.596983818601
550.0,-175.670280838013,0.10578020216464698,0.894219797835353,0.226791282158647,0.7732087178413529,-6013.00093331071,-11098.752613326498
550.0,-174.931772613526,0.143676577130943,0.856323422869057,0.295620671969519,0.7043793280304809,-5985.97267414344,-11157.8343858344
550.0,-174.193264389038,0.18302148029573898,0.8169785197042609,0.360988738438837,0.639011261561163,-5958.94278922948,-11212.7620930219
550.0,-173.45475616455101,0.223894084556996,0.7761059154430041,0.422920195968635,0.5770798040313649,-5931.90278306559,-11263.5090288181
550.0,-172.71624794006402,0.266373731471712,0.733626268528288,0.481479851155204,0.518520148844796,-5904.84430312777,-11310.0983421124
550.0,-171.97773971557598,0.310539637260322,0.689460362739678,0.536766103023391,0.463233896976609,-5877.75914091754,-11352.5976378819
550.0,-171.239231491089,0.356470638398659,0.6435293616013411,0.588904071146755,0.411095928853244,-5850.63923094246,-11391.112372854499
550.0,-170.500723266602,0.40424498413146004,0.5957550158685401,0.6380387930090871,0.36196120699091294,-5823.47664701313,-11425.778629086299
550.0,-169.76221504211398,0.453940180064439,0.546059819935562,0.6843288613219238,0.315671138678076,-5796.26359548477,-11456.755817110401
550.0,-169.023706817627,0.505632882176766,0.494367117823234,0.727940765164131,0.272059234835869,-5768.99240543169,-11484.2197578477
550.0,-168.285198593139,0.559398837485198,0.44060116251480197,0.769044086129006,0.230955913870994,-5741.65551597819,-11508.3564608228
550.0,-167.546690368652,0.615312865695629,0.384687134304371,0.8078076000174591,0.192192399982541,-5714.24546115584,-11529.35678294
550.0,-166.808182144165,0.6734488753350961,0.326551124664904,0.8443962565729971,0.15560374342700303,-5686.75485272453,-11547.412036874799
550.0,-166.069673919677,0.7338799078133761,0.266120092186624,0.8789689573728059,0.121031042627194,-5659.1763614038,-11562.710530640601
550.0,-165.33116569518998,0.7966782033603158,0.203321796639684,0.911677023110103,0.0883229768898972,-5631.502696928311,-11575.4349617102
550.0,-164.592657470703,0.8619152835949759,0.13808471640502404,0.942663231249246,0.05733676875075401,-5603.726587285721,-11585.7605566888
550.0,-163.854149246215,0.929662046459067,0.0703379535409332,0.9720613072611121,0.0279386927388882,-5575.840757425921,-11593.8538342243
550.0,-163.115641021728,1.0,0.0,1.0,0.0,-5547.8370775698295,-11599.879103609499
575.0,-177.301279449463,0.0,1.0,0.0,1.0,-6089.8938745472105,-10861.028629435401
575.0,-176.559420013428,0.0342501689213046,0.9657498310786959,0.07847876713480001,0.9215212328651999,-6062.57747724141,-10931.5212459092
575.0,-175.817560577393,0.0696999431539751,0.930300056846025,0.153776449973698,0.846223550026302,-6035.29382236957,-10998.310929386202
575.0,-175.075701141358,0.106425039143146,0.8935749608568541,0.225767755898127,0.7742322441018729,-6008.03381106359,-11061.2105932093
575.0,-174.333841705322,0.14450207188333702,0.8554979281166629,0.294379178149455,0.7056208218505451,-5980.78851571585,-11120.0857362544
575.0,-173.591982269287,0.18400836628054298,0.815991633719457,0.359586434489659,0.6404135655103411,-5953.5491681902295,-11174.8555298153
575.0,-172.850122833252,0.225021649412984,0.774978350587015,0.42141020212343,0.57858979787657,-5926.3071575983395,-11225.491387091599
575.0,-172.108263397217,0.267619752553906,0.7323802474460942,0.479910663878048,0.520089336121953,-5899.05402868351,-11272.0135101781
575.0,-171.36640396118202,0.31188032580921604,0.6881196741907839,0.535181224120823,0.464818775879177,-5871.78148044428,-11314.4857265055
575.0,-170.624544525147,0.35788059490034296,0.6421194050996569,0.5873418584413089,0.412658141558691,-5844.48136280793,-11353.0091561826
575.0,-169.882685089112,0.405697160882164,0.5943028391178361,0.6365325074772641,0.363467492522736,-5817.14567116919,-11387.715247181599
575.0,-169.140825653076,0.455405849177089,0.5445941508229111,0.682906875389602,0.317093124610398,-5789.76653824567,-11418.7587118186
575.0,-168.398966217041,0.507081607308146,0.492918392691855,0.72662689023272,0.27337310976728,-5762.33622320514,-11446.310798774399
575.0,-167.65710678100598,0.560798447914558,0.43920155208544204,0.7678579775330571,0.23214202246694302,-5734.8470982321,-11470.55321263
575.0,-166.91524734497102,0.6166294317412989,0.38337056825870097,0.806765202193432,0.193234797806568,-5707.29163284686,-11491.6728665529
575.0,-166.173387908936,0.6746466844115869,0.325353315588413,0.843510258216548,0.15648974178345199,-5679.66237636407,-11509.8575430769
575.0,-165.431528472901,0.734921440687083,0.265078559312917,0.8782492340789939,0.121750765921006,-5651.9519388932895,-11525.292452651101
575.0,-164.689669036865,0.7975241103512579,0.20247588964874103,0.9111310522535699,0.0888689477464305,-5624.152971261379,-11538.157621898701
575.0,-163.94780960083,0.862524360598869,0.13747563940113097,0.9422964700165319,0.05770352998346799,-5596.25814418849,-11548.626010441201
575.0,-163.20595016479498,0.9299912107351289,0.070008789264871,0.971877529628395,0.0281224703716051,-5568.2601269878605,-11556.8622406774
575.0,-162.46409072876003,1.0,0.0,1.0,0.0,-5540.1510633179105,-11563.026363655401
600.0,-176.734911346436,0.0,1.0,0.0,1.0,-6086.114084934389,-10825.2786072368
600.0,-175.989820861817,0.034479126118365996,0.965520873881634,0.0781017009653556,0.921898299034644,-6058.55899744765,-10895.460732229201
600.0,-175.24473037719798,0.0701367639890656,0.9298632360109341,0.153070115586082,0.8469298844139179,-6031.04511528825,-10961.9634456801
600.0,-174.499639892579,0.107053377511407,0.892946622488593,0.224792379988822,0.7752076200111779,-6003.562763066,-11024.622175556298
600.0,-173.754549407959,0.145304389400798,0.8546956105992021,0.293192761856286,0.7068072381437149,-5976.10284115816,-11083.3031534925
600.0,-173.00945892334,0.18496584062162,0.8150341593783801,0.35824387156190296,0.641756128438097,-5948.65642975158,-11137.9250006592
600.0,-172.26436843872102,0.226114100972363,0.773885899027637,0.41996254425091795,0.580037455749082,-5921.214782889991,-11188.457400963302
600.0,-171.519277954102,0.268825576169914,0.731174423830086,0.478404556452037,0.521595443547963,-5893.769324327579,-11234.9177996656
600.0,-170.774187469483,0.31317644235991,0.68682355764009,0.53365856147266,0.46634143852734,-5866.3116429128895,-11277.3664870676
600.0,-170.029096984864,0.359242407829128,0.6407575921708721,0.585839636317439,0.41416036368256204,-5838.833487332261,-11315.9005044269
600.0,-169.284006500244,0.407098521057114,0.5929014789428871,0.635082862040201,0.364917137959799,-5811.326758765849,-11350.646927656
600.0,-168.538916015625,0.456819025098337,0.543180974901663,0.681537274415986,0.318462725584014,-5783.78350131589,-11381.7560238298
600.0,-167.79382553100598,0.5084772590242229,0.4915227409757771,0.725360437874045,0.27463956212595503,-5756.195890041469,-11409.3947037814
600.0,-167.048735046387,0.562145603318908,0.437854396681092,0.766713793757478,0.233286206242522,-5728.55621671383,-11433.740577086
600.0,-166.303644561768,0.6178954642536519,0.382104535746348,0.805758842003301,0.194241157996699,-5700.856873551589,-11454.9767959261
600.0,-165.55855407714898,0.675797291348615,0.324202708651385,0.8426541420589491,0.157345857941051,-5673.09033527276,-11473.2877679494
600.0,-164.81346359253,0.735920621871668,0.264079378128332,0.877553067960988,0.122446932039012,-5645.24913982438,-11488.8557351624
600.0,-164.06837310791,0.798334146693088,0.201665853306912,0.9106022228312031,0.0893977771687974,-5617.32586813491,-11501.858158697
600.0,-163.323282623291,0.8631057927697049,0.136894207230295,0.941940400678641,0.0580595993213593,-5589.31312317634,-11512.46580711
600.0,-162.578192138672,0.930302816275871,0.0696971837241296,0.97169802346355,0.0283019765364505,-5561.20350871929,-11520.8414987452
600.0,-161.833101654053,1.0,0.0,1.0,0.0,-5532.98902596195,-11527.144644498401
